Main.Studies.MarkerTracking.t,Main.Studies.MarkerTracking.JointAngleOutputs.OutputFile_LeftLeg.HipFlexion,Main.Studies.MarkerTracking.JointAngleOutputs.OutputFile_LeftLeg.HipAbduction,Main.Studies.MarkerTracking.JointAngleOutputs.OutputFile_LeftLeg.HipExternalRotation,Main.Studies.MarkerTracking.JointAngleOutputs.OutputFile_LeftLeg.KneeFlexion,Main.Studies.MarkerTracking.JointAngleOutputs.OutputFile_LeftLeg.AnklePlantarFlexion,Main.Studies.MarkerTracking.JointAngleOutputs.OutputFile_LeftLeg.SubTalarEversion
  3.333333333333333e+00,  7.005479295995317e-01,  8.402694787152054e-02,  9.143167754750277e-02,  5.160874824997330e-01, -3.698697254745954e-02,  1.594440660763097e-01
  3.337500000000000e+00,  7.007079357628980e-01,  8.250919407445134e-02,  9.644049091662932e-02,  5.163762043186209e-01, -3.933536225487453e-02,  1.611015620194366e-01
  3.341666666666667e+00,  7.007678010254554e-01,  8.095385365760932e-02,  1.012147343742192e-01,  5.165210999448184e-01, -4.169592336664165e-02,  1.626497035880724e-01
  3.345833333333334e+00,  7.007323110227870e-01,  7.936276802444486e-02,  1.057450502152669e-01,  5.165257471818454e-01, -4.405534739811539e-02,  1.640853569172085e-01
  3.350000000000000e+00,  7.006069982592370e-01,  7.773764051310494e-02,  1.100235267832296e-01,  5.163949516121510e-01, -4.640098185713597e-02,  1.654064860029327e-01
  3.354166666666667e+00,  7.003980512036427e-01,  7.608003917946760e-02,  1.140438381863356e-01,  5.161347117062054e-01, -4.872100822117510e-02,  1.666121318133029e-01
  3.358333333333333e+00,  7.001122143941535e-01,  7.439139890128166e-02,  1.178013538910848e-01,  5.157521599548708e-01, -5.100459697005510e-02,  1.677023683908901e-01
  3.362500000000000e+00,  6.997566893001319e-01,  7.267300147914768e-02,  1.212931894010008e-01,  5.152554773541381e-01, -5.324202918011188e-02,  1.686782311529305e-01
  3.366666666666667e+00,  6.993390386695605e-01,  7.092592929573382e-02,  1.245181874654086e-01,  5.146537757340575e-01, -5.542477349144739e-02,  1.695416171328862e-01
  3.370833333333334e+00,  6.988670931667894e-01,  6.915100801051799e-02,  1.274768419688874e-01,  5.139569458596474e-01, -5.754551157000190e-02,  1.702951655913301e-01
  3.375000000000000e+00,  6.983488558790107e-01,  6.734876007308843e-02,  1.301711823359853e-01,  5.131754763676368e-01, -5.959811408506464e-02,  1.709421361098241e-01
  3.379166666666667e+00,  6.977924024789363e-01,  6.551937583188572e-02,  1.326046260276706e-01,  5.123202551910445e-01, -6.157757773357145e-02,  1.714863056766806e-01
  3.383333333333333e+00,  6.972057746589869e-01,  6.366269549284942e-02,  1.347818001520884e-01,  5.114023641278961e-01, -6.347993539972202e-02,  1.719318986932801e-01
  3.387500000000000e+00,  6.965969034158734e-01,  6.177819587473499e-02,  1.367083625555666e-01,  5.104328965007706e-01, -6.530215467527446e-02,  1.722835366445786e-01
  3.391666666666667e+00,  6.959734761512120e-01,  5.986503698743428e-02,  1.383908177684187e-01,  5.094227627803521e-01, -6.704201545363657e-02,  1.725461838970119e-01
  3.395833333333333e+00,  6.953428503520528e-01,  5.792218885900069e-02,  1.398364112052779e-01,  5.083825540299597e-01, -6.869798577200205e-02,  1.727250399680015e-01
  3.400000000000000e+00,  6.947119426905619e-01,  5.594867501703193e-02,  1.410530861921794e-01,  5.073224314059136e-01, -7.026908488451196e-02,  1.728253740817497e-01
  3.404166666666667e+00,  6.940871497132771e-01,  5.394388034242503e-02,  1.420495073392059e-01,  5.062520678849382e-01, -7.175474716703735e-02,  1.728523193927494e-01
  3.408333333333334e+00,  6.934743187662797e-01,  5.190784309761431e-02,  1.428351119555152e-01,  5.051806400840227e-01, -7.315469983044519e-02,  1.728106678077416e-01
  3.412500000000000e+00,  6.928787737304316e-01,  4.984146353204544e-02,  1.434201490778551e-01,  5.041168614797376e-01, -7.446886547411578e-02,  1.727046992975939e-01
  3.416666666666667e+00,  6.923053837088999e-01,  4.774660481497595e-02,  1.438156805757917e-01,  5.030690444283417e-01, -7.569728921010310e-02,  1.725380599918032e-01
  3.420833333333333e+00,  6.917586601458747e-01,  4.562609305352772e-02,  1.440335342209549e-01,  5.020451801205887e-01, -7.684008103224520e-02,  1.723136899692624e-01
  3.425000000000000e+00,  6.912428739427356e-01,  4.348362386715854e-02,  1.440862038305891e-01,  5.010530280926497e-01, -7.789736595156167e-02,  1.720338015634500e-01
  3.429166666666667e+00,  6.907621860666424e-01,  4.132358160048932e-02,  1.439866975391861e-01,  5.001002074370967e-01, -7.886924185462189e-02,  1.716999093585877e-01
  3.433333333333334e+00,  6.903207747077877e-01,  3.915080697942352e-02,  1.437483547471861e-01,  4.991942828779402e-01, -7.975574796022571e-02,  1.713128992408773e-01
  3.437500000000000e+00,  6.899229306198084e-01,  3.697038377198214e-02,  1.433846713592838e-01,  4.983428419763328e-01, -8.055684406939298e-02,  1.708731070448248e-01
  3.441666666666667e+00,  6.895731030920843e-01,  3.478750057029378e-02,  1.429091688014640e-01,  4.975535626972528e-01, -8.127239822018337e-02,  1.703803822705964e-01
  3.445833333333333e+00,  6.892759095444013e-01,  3.260738808564256e-02,  1.423353189913147e-01,  4.968342713762132e-01, -8.190218087072459e-02,  1.698341368540422e-01
  3.450000000000000e+00,  6.890361449975837e-01,  3.043529139694656e-02,  1.416765152442390e-01,  4.961929936263957e-01, -8.244586648450468e-02,  1.692333947064861e-01
  3.454166666666667e+00,  6.888587606934212e-01,  2.827645607494067e-02,  1.409460411609273e-01,  4.956379752639002e-01, -8.290303654144530e-02,  1.685768549988034e-01
  3.458333333333333e+00,  6.887489120465752e-01,  2.613608585977434e-02,  1.401570578058242e-01,  4.951777225176838e-01, -8.327319812158995e-02,  1.678629579150386e-01
  3.462500000000000e+00,  6.887119170488792e-01,  2.401932809563267e-02,  1.393225501240949e-01,  4.948209912685272e-01, -8.355579523543312e-02,  1.670899500048665e-01
  3.466666666666667e+00,  6.887532316174781e-01,  2.193126649915356e-02,  1.384552997232059e-01,  4.945767770060956e-01, -8.375022555676775e-02,  1.662559338025072e-01
  3.470833333333334e+00,  6.888784020412240e-01,  1.987693379394195e-02,  1.375678795840040e-01,  4.944542851261264e-01, -8.385585523764495e-02,  1.653589035288743e-01
  3.475000000000000e+00,  6.890930091584156e-01,  1.786133036807236e-02,  1.366726691210979e-01,  4.944628867988859e-01, -8.387203354524445e-02,  1.643967711965551e-01
  3.479166666666667e+00,  6.894026108387449e-01,  1.588944344634147e-02,  1.357818788742848e-01,  4.946120636602752e-01, -8.379810801395239e-02,  1.633673875574961e-01
  3.483333333333333e+00,  6.898126850325125e-01,  1.396627325221989e-02,  1.349075792305247e-01,  4.949113448194161e-01, -8.363343965378277e-02,  1.622685576603103e-01
  3.487500000000000e+00,  6.903285706741747e-01,  1.209687134983461e-02,  1.340617298808889e-01,  4.953702378444460e-01, -8.337741796969553e-02,  1.610980494408739e-01
  3.491666666666667e+00,  6.909554052935977e-01,  1.028638212696431e-02,  1.332562044863185e-01,  4.959981536101510e-01, -8.302947745262285e-02,  1.598535988214626e-01
  3.495833333333334e+00,  6.916980665028905e-01,  8.540069201886880e-03,  1.325028060259834e-01,  4.968043247707262e-01, -8.258911823190303e-02,  1.585329199360757e-01
  3.500000000000000e+00,  6.925611316155194e-01,  6.863311159360341e-03,  1.318132714092891e-01,  4.977977186751200e-01, -8.205593245883012e-02,  1.571337297560037e-01
  3.504166666666667e+00,  6.935488670457839e-01,  5.261557419958152e-03,  1.311992604069702e-01,  4.989869466736042e-01, -8.142963652092974e-02,  1.556537940907266e-01
  3.508333333333333e+00,  6.946652447076143e-01,  3.740245456474778e-03,  1.306723178132859e-01,  5.003801723009842e-01, -8.071010851523316e-02,  1.540909959272692e-01
  3.512500000000000e+00,  6.959139668035701e-01,  2.304699558089318e-03,  1.302438048002781e-01,  5.019850209067384e-01, -7.989742953956300e-02,  1.524434169153402e-01
  3.516666666666667e+00,  6.972984784158008e-01,  9.600460232610519e-04,  1.299248148023015e-01,  5.038084930447284e-01, -7.899192552709598e-02,  1.507094162192242e-01
  3.520833333333333e+00,  6.988219594008939e-01, -2.888286295357201e-04,  1.297260976602917e-01,  5.058568824846604e-01, -7.799420501410413e-02,  1.488876951844949e-01
  3.525000000000000e+00,  7.004872973104501e-01, -1.437272514213106e-03,  1.296580027074781e-01,  5.081356975905645e-01, -7.690518999731415e-02,  1.469773453321774e-01
  3.529166666666667e+00,  7.022970399840343e-01, -2.480815681289217e-03,  1.297304387411602e-01,  5.106495851639357e-01, -7.572614069815939e-02,  1.449778773746545e-01
  3.533333333333334e+00,  7.042533227230053e-01, -3.415055710182857e-03,  1.299528519471578e-01,  5.134022589164977e-01, -7.445867672572686e-02,  1.428892238385414e-01
  3.537500000000000e+00,  7.063577861772267e-01, -4.235502044867889e-03,  1.303342162479461e-01,  5.163964339545895e-01, -7.310479739461781e-02,  1.407117254590320e-01
  3.541666666666667e+00,  7.086115325492304e-01, -4.937482488309497e-03,  1.308829990458834e-01,  5.196337617426947e-01, -7.166690536060993e-02,  1.384461484637822e-01
  3.545833333333333e+00,  7.110151441627964e-01, -5.516207974131326e-03,  1.316070544876809e-01,  5.231147543617132e-01, -7.014783753772739e-02,  1.360937752158285e-01
  3.550000000000000e+00,  7.135687851010734e-01, -5.966972890820488e-03,  1.325134733244041e-01,  5.268387248359270e-01, -6.855091275978342e-02,  1.336565454574876e-01
  3.554166666666667e+00,  7.162722033606183e-01, -6.285303965830380e-03,  1.336083973846913e-01,  5.308036934973220e-01, -6.687997821690136e-02,  1.311371870198779e-01
  3.558333333333334e+00,  7.191247648582444e-01, -6.467006659433228e-03,  1.348969268392199e-01,  5.350063469365129e-01, -6.513947302256913e-02,  1.285392840006393e-01
  3.562500000000000e+00,  7.221254034945830e-01, -6.508064442388051e-03,  1.363830784413290e-01,  5.394419900094783e-01, -6.333449050221837e-02,  1.258672844108236e-01
  3.566666666666667e+00,  7.252725594502789e-01, -6.404472252338644e-03,  1.380697881747273e-01,  5.441045113096507e-01, -6.147084642608560e-02,  1.231264704799468e-01
  3.570833333333333e+00,  7.285641233572501e-01, -6.152088265905187e-03,  1.399589122491665e-01,  5.489863514952600e-01, -5.955515261016332e-02,  1.203229270453718e-01
  3.575000000000000e+00,  7.319974024101222e-01, -5.746573155481993e-03,  1.420511915773658e-01,  5.540784646453221e-01, -5.759489395997923e-02,  1.174635374051653e-01
  3.579166666666667e+00,  7.355691099731816e-01, -5.183435918278967e-03,  1.443461726866988e-01,  5.593702676127429e-01, -5.559850653619689e-02,  1.145560132318533e-01
  3.583333333333333e+00,  7.392753679381024e-01, -4.458151073013061e-03,  1.468421096168580e-01,  5.648495809189025e-01, -5.357545516831019e-02,  1.116089390213542e-01
  3.587500000000000e+00,  7.431117076531673e-01, -3.566290283973261e-03,  1.495358833836848e-01,  5.705025675503053e-01, -5.153630806928015e-02,  1.086318022745182e-01
  3.591666666666667e+00,  7.470730612891376e-01, -2.503629452538902e-03,  1.524229629967866e-01,  5.763136735274860e-01, -4.949280363149294e-02,  1.056349911124089e-01
  3.595833333333334e+00,  7.511537446564419e-01, -1.266223597283345e-03,  1.554974130945077e-01,  5.822655728457997e-01, -4.745790483764537e-02,  1.026297557862649e-01
  3.600000000000000e+00,  7.553474360741025e-01,  1.495401846804967e-04,  1.587519425570886e-01,  5.883391199480115e-01, -4.544583867543631e-02,  9.962813771652532e-02
  3.604166666666667e+00,  7.596471531776765e-01,  1.746898965111932e-03,  1.621779830026473e-01,  5.945133126332645e-01, -4.347211935684789e-02,  9.664287192830394e-02
  3.608333333333333e+00,  7.640452284675363e-01,  3.528670130910738e-03,  1.657657837178896e-01,  6.007652681986178e-01, -4.155355578927937e-02,  9.368727056538162e-02
  3.612500000000000e+00,  7.685332885446606e-01,  5.497203941999373e-03,  1.695045153487934e-01,  6.070702167237443e-01, -3.970824422656120e-02,  9.077509523717356e-02
  3.616666666666667e+00,  7.731022553969455e-01,  7.654329271562954e-03,  1.733823874080487e-01,  6.134015208154212e-01, -3.795554501753239e-02,  8.792042530415851e-02
  3.620833333333334e+00,  7.777423229101744e-01,  1.000130080798112e-02,  1.773867602298108e-01,  6.197306952140674e-01, -3.631602907558434e-02,  8.513753104065042e-02
  3.625000000000000e+00,  7.824430514260315e-01,  1.253869240781591e-02,  1.815043056201682e-01,  6.260275034973301e-01, -3.481140608861206e-02,  8.244076325530320e-02
  3.629166666666667e+00,  7.871933901940689e-01,  1.526629409346314e-02,  1.857211438330012e-01,  6.322600336317480e-01, -3.346440260262441e-02,  7.984446282853784e-02
  3.633333333333333e+00,  7.919817649065793e-01,  1.818299047011274e-02,  1.900230185280082e-01,  6.383948318291864e-01, -3.229860763703931e-02,  7.736288864560488e-02
  3.637500000000000e+00,  7.967961661769265e-01,  2.128665385861783e-02,  1.943954835785252e-01,  6.443970634700735e-01, -3.133827779594219e-02,  7.501016190276120e-02
  3.641666666666667e+00,  8.016242419066508e-01,  2.457405750340058e-02,  1.988240991859726e-01,  6.502307038603131e-01, -3.060810317532449e-02,  7.280022303443316e-02
  3.645833333333333e+00,  8.064533811896942e-01,  2.804084613163571e-02,  2.032946477466918e-01,  6.558587589455441e-01, -3.013293186614633e-02,  7.074678170252731e-02
  3.650000000000000e+00,  8.112707772558354e-01,  3.168162764355942e-02,  2.077933957161459e-01,  6.612435210219099e-01, -2.993745177149443e-02,  6.886323156948149e-02
  3.654166666666667e+00,  8.160634679590574e-01,  3.549019792089969e-02,  2.123074030173760e-01,  6.663468586315934e-01, -3.004583470567141e-02,  6.716252819953011e-02
  3.658333333333334e+00,  8.208183674566136e-01,  3.945981175174862e-02,  2.168248344164318e-01,  6.711305258616155e-01, -3.048135546113076e-02,  6.565707117342484e-02
  3.662500000000000e+00,  8.255223056221883e-01,  4.358338342457735e-02,  2.213352181710372e-01,  6.755564704932692e-01, -3.126600265002782e-02,  6.435864101354864e-02
  3.666666666666667e+00,  8.301620792722040e-01,  4.785356631929716e-02,  2.258296350709458e-01,  6.795871286194173e-01, -3.242009970556017e-02,  6.327841012266083e-02
  3.670833333333333e+00,  8.347245048840624e-01,  5.226273879089094e-02,  2.303008566876201e-01,  6.831857063911478e-01, -3.396195699965703e-02,  6.242701119348552e-02
  3.675000000000000e+00,  8.391964585216678e-01,  5.680295655052636e-02,  2.347434595309279e-01,  6.863164580327756e-01, -3.590757869575821e-02,  6.181462946163209e-02
  3.679166666666667e+00,  8.435648953083872e-01,  6.146592539878859e-02,  2.391539342881919e-01,  6.889449686917011e-01, -3.827044659490934e-02,  6.145108393801076e-02
  3.683333333333334e+00,  8.478168489993148e-01,  6.624301876047656e-02,  2.435307952065865e-01,  6.910384409382229e-01, -4.106139315513845e-02,  6.134587153167818e-02
  3.687500000000000e+00,  8.519394153060872e-01,  7.112533013951938e-02,  2.478746812900768e-01,  6.925659726700693e-01, -4.428855386195509e-02,  6.150815799045527e-02
  3.691666666666667e+00,  8.559197228888741e-01,  7.610373606111365e-02,  2.521884394742690e-01,  6.934988127233693e-01, -4.795736242944195e-02,  6.194670317060173e-02
  3.695833333333333e+00,  8.597448982346293e-01,  8.116895139761438e-02,  2.564771837377082e-01,  6.938105884471959e-01, -5.207053928809455e-02,  6.266971330070764e-02
  3.700000000000000e+00,  8.634020084547335e-01,  8.631156821833041e-02,  2.607483204716073e-01,  6.934774930044385e-01, -5.662803088997359e-02,  6.368462687184090e-02
  3.704166666666667e+00,  8.668781459296232e-01,  9.152204920358664e-02,  2.650115580781373e-01,  6.924785176503238e-01, -6.162691025509830e-02,  6.499786620659485e-02
  3.708333333333333e+00,  8.701603117438881e-01,  9.679073499730206e-02,  2.692788621672482e-01,  6.907955530931744e-01, -6.706119790209797e-02,  6.661456132524705e-02
  3.712500000000000e+00,  8.732352424526034e-01,  1.021077993872994e-01,  2.735644801403744e-01,  6.884134347324105e-01, -7.292165535895327e-02,  6.853826058837743e-02
  3.716666666666667e+00,  8.760904799873025e-01,  1.074635330031390e-01,  2.778847144393373e-01,  6.853207313220826e-01, -7.919562362882542e-02,  7.077077882568533e-02
  3.720833333333334e+00,  8.787121011537432e-01,  1.128476127941878e-01,  2.822584006882664e-01,  6.815084290505853e-01, -8.586696011286811e-02,  7.331151544233244e-02
  3.725000000000000e+00,  8.810876310349848e-01,  1.182500602454173e-01,  2.867062763741716e-01,  6.769718180352372e-01, -9.291570017422079e-02,  7.615767571395282e-02
  3.729166666666667e+00,  8.832044465594855e-01,  1.236606632662447e-01,  2.912510926897480e-01,  6.717093488927578e-01, -1.003180955535550e-01,  7.930363561515993e-02
  3.733333333333333e+00,  8.850498279470361e-01,  1.290682799881933e-01,  2.959180158504998e-01,  6.657233148577798e-01, -1.080468314028073e-01,  8.274084423298891e-02
  3.737500000000000e+00,  8.866119625494577e-01,  1.344615987710196e-01,  3.007340204990688e-01,  6.590209694477845e-01, -1.160706055207798e-01,  8.645821524029813e-02
  3.741666666666667e+00,  8.878779252883021e-01,  1.398278377928412e-01,  3.057280209157314e-01,  6.516115067830425e-01, -1.243550305433233e-01,  9.044045629387243e-02
  3.745833333333334e+00,  8.888379415133565e-01,  1.451541463635024e-01,  3.109300428784394e-01,  6.435098052601580e-01, -1.328623896163888e-01,  9.466922896193468e-02
  3.750000000000000e+00,  8.894816988129020e-01,  1.504268222454006e-01,  3.163718881040283e-01,  6.347340501754851e-01, -1.415519590037837e-01,  9.912232510613299e-02
  3.754166666666667e+00,  8.898003126790466e-01,  1.556316054489466e-01,  3.220866842514069e-01,  6.253068207622329e-01, -1.503806349417066e-01,  1.037736495791258e-01
  3.758333333333333e+00,  8.897861798161018e-01,  1.607536907676481e-01,  3.281086939295619e-01,  6.152549549833465e-01, -1.593033568129892e-01,  1.085931915159542e-01
  3.762500000000000e+00,  8.894331148752295e-01,  1.657775748139363e-01,  3.344729531093316e-01,  6.046094912472518e-01, -1.682736551149843e-01,  1.135471333850355e-01
  3.766666666666667e+00,  8.887365880526455e-01,  1.706867574349142e-01,  3.412148280492296e-01,  5.934055574414836e-01, -1.772442638803946e-01,  1.185980972883333e-01
  3.770833333333333e+00,  8.876939339171724e-01,  1.754634163018287e-01,  3.483694715018257e-01,  5.816821912427522e-01, -1.861677698753844e-01,  1.237055019406615e-01
  3.775000000000000e+00,  8.863045531981947e-01,  1.800881272084320e-01,  3.559712037534242e-01,  5.694821023216124e-01, -1.949972780442336e-01,  1.288260111486144e-01
  3.779166666666667e+00,  8.845700941527859e-01,  1.845396737745302e-01,  3.640528322391346e-01,  5.568513738039494e-01, -2.036870690320099e-01,  1.339140613138073e-01
  3.783333333333334e+00,  8.824945993215966e-01,  1.887949611453652e-01,  3.726449200039203e-01,  5.438390985857245e-01, -2.121932299657378e-01,  1.389224689489113e-01
  3.787500000000000e+00,  8.800846101324301e-01,  1.928290306266487e-01,  3.817750081264117e-01,  5.304969490974653e-01, -2.204742410534083e-01,  1.438031255956592e-01
  3.791666666666667e+00,  8.773492305633603e-01,  1.966151600072175e-01,  3.914667938151303e-01,  5.168786823864120e-01, -2.284914995463730e-01,  1.485077814380160e-01
  3.795833333333333e+00,  8.743001540954526e-01,  2.001250289070970e-01,  4.017392698358050e-01,  5.030395867351291e-01, -2.362097647324275e-01,  1.529889077927497e-01
  3.800000000000000e+00,  8.709516558686077e-01,  2.033289335916317e-01,  4.126058399988477e-01,  4.890358822981328e-01, -2.435975101273150e-01,  1.572006187775802e-01
  3.804166666666667e+00,  8.673205495684115e-01,  2.061960481123695e-01,  4.240734335155559e-01,  4.749240923008156e-01, -2.506271703430164e-01,  1.610996241117083e-01
  3.808333333333334e+00,  8.634261063652089e-01,  2.086947411376758e-01,  4.361416487827883e-01,  4.607604012306630e-01, -2.572752727576224e-01,  1.646461783537736e-01
  3.812500000000000e+00,  8.592899306248956e-01,  2.107929644159614e-01,  4.488019668689812e-01,  4.466000173563461e-01, -2.635224521696830e-01,  1.678049871217042e-01
  3.816666666666667e+00,  8.549357878370806e-01,  2.124587268669618e-01,  4.620370836123815e-01,  4.324965623181444e-01, -2.693533606658702e-01,  1.705460293514395e-01
  3.820833333333334e+00,  8.503893843886643e-01,  2.136606584738350e-01,  4.758204127895041e-01,  4.185015147007333e-01, -2.747564947936580e-01,  1.728452570363866e-01
  3.825000000000000e+00,  8.456781000569645e-01,  2.143686525956148e-01,  4.901158104233841e-01,  4.046637298351300e-01, -2.797239591354568e-01,  1.746851383238579e-01
  3.829166666666667e+00,  8.408306704126539e-01,  2.145545586700459e-01,  5.048775621458558e-01,  3.910290464694029e-01, -2.842511781365626e-01,  1.760550169147940e-01
  3.833333333333333e+00,  8.358768147359003e-01,  2.141928853047907e-01,  5.200506618538585e-01,  3.776399801972564e-01, -2.883365683070472e-01,  1.769512702078123e-01
  3.837500000000000e+00,  8.308468101656770e-01,  2.132614681069049e-01,  5.355713933428005e-01,  3.645354971693557e-01, -2.919811859555894e-01,  1.773772580986795e-01
  3.841666666666667e+00,  8.257710201612616e-01,  2.117420561218630e-01,  5.513682097537623e-01,  3.517508594260668e-01, -2.951883622241154e-01,  1.773430656526161e-01
  3.845833333333334e+00,  8.206793906919730e-01,  2.096207754293262e-01,  5.673628893229504e-01,  3.393175334856510e-01, -2.979633316073499e-01,  1.768650553654013e-01
  3.850000000000000e+00,  8.156009325500622e-01,  2.068884382841678e-01,  5.834719314370234e-01,  3.272631535985775e-01, -3.003128608126798e-01,  1.759652505964155e-01
  3.854166666666667e+00,  8.105632136433789e-01,  2.035406812713241e-01,  5.996081445270847e-01,  3.156115315458005e-01, -3.022448882453995e-01,  1.746705728449475e-01
  3.858333333333333e+00,  8.055918869781649e-01,  1.995779351099225e-01,  6.156823671351445e-01,  3.043827092645531e-01, -3.037681825257600e-01,  1.730119648598594e-01
  3.862500000000000e+00,  8.007102757212822e-01,  1.950052442943342e-01,  6.316052547818113e-01,  2.935930560491654e-01, -3.048920265657816e-01,  1.710234471993106e-01
  3.866666666666667e+00,  7.959390310777273e-01,  1.898319581933599e-01,  6.472890555122761e-01,  2.832554138879915e-01, -3.056259412279526e-01,  1.687411611688654e-01
  3.870833333333334e+00,  7.912958785167165e-01,  1.840713105626499e-01,  6.626492922847641e-01,  2.733792934076559e-01, -3.059794715760992e-01,  1.662024444789615e-01
  3.875000000000000e+00,  7.867954707544189e-01,  1.777399060330467e-01,  6.776062782748554e-01,  2.639711208730472e-01, -3.059620539988388e-01,  1.634449791229458e-01
  3.879166666666667e+00,  7.824493616724567e-01,  1.708571500576805e-01,  6.920864034774983e-01,  2.550345354310581e-01, -3.055829652067821e-01,  1.605060434437585e-01
  3.883333333333334e+00,  7.782661001964278e-01,  1.634446815573423e-01,  7.060231427904864e-01,  2.465707359159189e-01, -3.048513387149619e-01,  1.574218866336280e-01
  3.887500000000000e+00,  7.742514262883728e-01,  1.555258614826309e-01,  7.193577575782335e-01,  2.385788710048660e-01, -3.037762282314672e-01,  1.542272299351747e-01
  3.891666666666667e+00,  7.704085432553703e-01,  1.471253288960084e-01,  7.320396922422086e-01,  2.310564502379472e-01, -3.023666974297839e-01,  1.509548886268459e-01
  3.895833333333333e+00,  7.667384390458520e-01,  1.382686098141368e-01,  7.440266894790210e-01,  2.239997409991172e-01, -3.006319198170320e-01,  1.476354994934855e-01
  3.900000000000000e+00,  7.632402261608552e-01,  1.289817868454264e-01,  7.552846660013949e-01,  2.174041264223900e-01, -2.985812855614111e-01,  1.442973344666836e-01
  3.904166666666667e+00,  7.599114712840483e-01,  1.192912652164710e-01,  7.657874144197362e-01,  2.112644234163610e-01, -2.962245384051405e-01,  1.409661878458472e-01
  3.908333333333334e+00,  7.567485011761175e-01,  1.092236516021432e-01,  7.755162128378859e-01,  2.055751706470517e-01, -2.935719915936720e-01,  1.376653318601644e-01
  3.912500000000000e+00,  7.537466897363903e-01,  9.880571501702451e-02,  7.844594068684372e-01,  2.003308818364122e-01, -2.906348648954009e-01,  1.344155298104671e-01
  3.916666666666667e+00,  7.509007339455860e-01,  8.806437331907557e-02,  7.926119825127951e-01,  1.955262382195128e-01, -2.874257277770861e-01,  1.312350832531430e-01
  3.920833333333333e+00,  7.482049147974768e-01,  7.702666073867737e-02,  7.999751119964953e-01,  1.911561879396292e-01, -2.839589567977899e-01,  1.281398872245610e-01
  3.925000000000000e+00,  7.456533288695950e-01,  6.571967124705358e-02,  8.065556628295619e-01,  1.872159359519240e-01, -2.802510756332047e-01,  1.251434805315298e-01
  3.929166666666667e+00,  7.432400775356031e-01,  5.417051410362705e-02,  8.123656967671948e-01,  1.837008348220489e-01, -2.763208716670505e-01,  1.222570955704116e-01
  3.933333333333334e+00,  7.409594136186157e-01,  4.240631392247418e-02,  8.174219940319741e-01,  1.806062013074075e-01, -2.721892490185620e-01,  1.194897203912918e-01
  3.937500000000000e+00,  7.388037773559503e-01,  3.045097682812292e-02,  8.217483132109317e-01,  1.779247658087856e-01, -2.678774756718455e-01,  1.168468353077040e-01
  3.941666666666667e+00,  7.367720670096773e-01,  1.833767816092036e-02,  8.253635459002100e-01,  1.756551006141078e-01, -2.634118699326525e-01,  1.143366296167947e-01
  3.945833333333334e+00,  7.348576934378364e-01,  6.090768326987295e-03,  8.282989410981567e-01,  1.737890069780343e-01, -2.588154005972940e-01,  1.119597922399847e-01
  3.950000000000000e+00,  7.330565017930140e-01, -6.262730853275889e-03,  8.305851016901646e-01,  1.723189138734977e-01, -2.541117806775307e-01,  1.097172086344242e-01
  3.954166666666667e+00,  7.313648870067273e-01, -1.869590049018255e-02,  8.322545380709194e-01,  1.712358676965252e-01, -2.493235537523719e-01,  1.076079527903099e-01
  3.958333333333333e+00,  7.297798309145991e-01, -3.118192138481013e-02,  8.333410541574601e-01,  1.705294257512830e-01, -2.444716646471249e-01,  1.056294014653315e-01
  3.962500000000000e+00,  7.282989364193082e-01, -4.369411626423814e-02,  8.338792556356394e-01,  1.701876583856019e-01, -2.395753832081100e-01,  1.037774029837129e-01
  3.966666666666667e+00,  7.269208689409214e-01, -5.620434880043046e-02,  8.339052575993016e-01,  1.701990358638424e-01, -2.346530373965357e-01,  1.020446637302405e-01
  3.970833333333334e+00,  7.256436697501462e-01, -6.868964364911578e-02,  8.334522130468337e-01,  1.705455320241623e-01, -2.297198385068145e-01,  1.004280889455491e-01
  3.975000000000000e+00,  7.244672252712167e-01, -8.112282580920893e-02,  8.325563119729964e-01,  1.712130062243747e-01, -2.247913911585491e-01,  9.891861431465197e-02
  3.979166666666667e+00,  7.233915479914262e-01, -9.347865851701598e-02,  8.312524828646964e-01,  1.721847389411341e-01, -2.198815276161878e-01,  9.750817199490545e-02
  3.983333333333333e+00,  7.224170939820264e-01, -1.057324258792871e-01,  8.295752188376662e-01,  1.734432281221569e-01, -2.150028737533984e-01,  9.618826682707755e-02
  3.987500000000000e+00,  7.215446588265764e-01, -1.178599826519191e-01,  8.275584142254441e-01,  1.749703891715366e-01, -2.101668956240977e-01,  9.495019170588020e-02
  3.991666666666667e+00,  7.207752709744258e-01, -1.298378074503581e-01,  8.252352063259470e-01,  1.767477616315090e-01, -2.053839757496721e-01,  9.378523293941500e-02
  3.995833333333334e+00,  7.201100870568915e-01, -1.416430692768680e-01,  8.226378052902408e-01,  1.787567107691639e-01, -2.006635073368623e-01,  9.268486578374475e-02
  4.000000000000000e+00,  7.195501153916554e-01, -1.532554977737377e-01,  8.197969567936619e-01,  1.809772198903077e-01, -1.960135684288461e-01,  9.164226160067693e-02
  4.004166666666666e+00,  7.190968250687847e-01, -1.646505427785856e-01,  8.167430948468931e-01,  1.833935031702676e-01, -1.914426753456273e-01,  9.064729837825627e-02
  4.008333333333334e+00,  7.187509436165437e-01, -1.758095341636998e-01,  8.135040480849670e-01,  1.859862169774719e-01, -1.869574624980744e-01,  8.969421294171090e-02
  4.012500000000000e+00,  7.185131168209725e-01, -1.867131823326766e-01,  8.101061663750830e-01,  1.887377801414638e-01, -1.825643529537687e-01,  8.877678864851787e-02
  4.016666666666667e+00,  7.183826461682624e-01, -1.973426481864196e-01,  8.065741221385834e-01,  1.916309371927753e-01, -1.782687942630426e-01,  8.788922740805610e-02
  4.020833333333334e+00,  7.183561027439582e-01, -2.076792440084294e-01,  8.029314517926361e-01,  1.946484893934691e-01, -1.740747763973287e-01,  8.702579735519267e-02
  4.025000000000000e+00,  7.184367454750763e-01, -2.177085408847319e-01,  7.991972625007790e-01,  1.977770728888312e-01, -1.699894964874732e-01,  8.618322948055034e-02
  4.029166666666667e+00,  7.186241656739664e-01, -2.274173060878748e-01,  7.953887832304984e-01,  2.010010937437461e-01, -1.660174295629287e-01,  8.535968665485780e-02
  4.033333333333333e+00,  7.189172104383517e-01, -2.367909019615342e-01,  7.915212522875229e-01,  2.043079099943832e-01, -1.621632410487308e-01,  8.455191953854679e-02
  4.037500000000001e+00,  7.193144093651929e-01, -2.458167720242797e-01,  7.876074226745214e-01,  2.076852587465544e-01, -1.584310164344007e-01,  8.375792184174717e-02
  4.041666666666667e+00,  7.198138783803379e-01, -2.544836869704072e-01,  7.836578138432070e-01,  2.111219405665893e-01, -1.548244416039745e-01,  8.297620362569622e-02
  4.045833333333333e+00,  7.204132863632371e-01, -2.627818454250441e-01,  7.796809128056076e-01,  2.146077955985408e-01, -1.513467680633488e-01,  8.220575222121866e-02
  4.050000000000000e+00,  7.211098186318809e-01, -2.707029345730836e-01,  7.756834188735096e-01,  2.181336740656028e-01, -1.480007752094019e-01,  8.144598212044891e-02
  4.054166666666667e+00,  7.219001527386421e-01, -2.782401644278394e-01,  7.716705083181461e-01,  2.216914012242571e-01, -1.447887345834648e-01,  8.069668737351703e-02
  4.058333333333334e+00,  7.227804522448804e-01, -2.853882778729164e-01,  7.676460972754329e-01,  2.252737474625453e-01, -1.417123963272116e-01,  7.995799831895729e-02
  4.062500000000000e+00,  7.237463738415333e-01, -2.921435452524039e-01,  7.636130763329765e-01,  2.288744065813032e-01, -1.387730115039366e-01,  7.923034202775911e-02
  4.066666666666666e+00,  7.247930781691472e-01, -2.985037588876251e-01,  7.595734913110110e-01,  2.324879738797824e-01, -1.359713851259713e-01,  7.851440359813529e-02
  4.070833333333334e+00,  7.259152276187316e-01, -3.044681843672847e-01,  7.555286625451252e-01,  2.361099520041723e-01, -1.333079528636489e-01,  7.781103900533641e-02
  4.075000000000000e+00,  7.271070353292050e-01, -3.100378399836983e-01,  7.514792628550515e-01,  2.397365074667071e-01, -1.307827692900362e-01,  7.712138744007617e-02
  4.079166666666667e+00,  7.283622060883037e-01, -3.152151874370128e-01,  7.474253449143616e-01,  2.433646363341279e-01, -1.283956063951246e-01,  7.644655045282810e-02
  4.083333333333334e+00,  7.296740002679120e-01, -3.200045472954680e-01,  7.433663474162535e-01,  2.469917823648057e-01, -1.261458487770277e-01,  7.578778267782937e-02
  4.087500000000000e+00,  7.310350977093908e-01, -3.244114283344817e-01,  7.393010435484734e-01,  2.506162393557089e-01, -1.240326289630963e-01,  7.514593704465711e-02
  4.091666666666667e+00,  7.324377533766067e-01, -3.284434035062809e-01,  7.352275274930390e-01,  2.542363966016752e-01, -1.220545767285373e-01,  7.452202091832028e-02
  4.095833333333333e+00,  7.338736271764190e-01, -3.321091052889416e-01,  7.311431613813879e-01,  2.578513812425192e-01, -1.202100465391378e-01,  7.391645816179025e-02
  4.100000000000001e+00,  7.353342321108127e-01, -3.354203957807036e-01,  7.270446704271214e-01,  2.614593135361512e-01, -1.184965662387361e-01,  7.333062033440967e-02
  4.104166666666667e+00,  7.368100309202057e-01, -3.383872878601148e-01,  7.229279720814685e-01,  2.650610299240901e-01, -1.169121322572949e-01,  7.276330181280029e-02
  4.108333333333333e+00,  7.382915613157675e-01, -3.410235724088844e-01,  7.187884561455909e-01,  2.686557099904227e-01, -1.154537832328940e-01,  7.221474917401091e-02
  4.112500000000000e+00,  7.397688606586222e-01, -3.433434639613335e-01,  7.146209143422489e-01,  2.722432934512127e-01, -1.141184561014723e-01,  7.168438916199427e-02
  4.116666666666667e+00,  7.412313777364586e-01, -3.453608965485200e-01,  7.104195534370037e-01,  2.758249123732482e-01, -1.129031839622274e-01,  7.117043007730750e-02
  4.120833333333334e+00,  7.426690358157492e-01, -3.470948337107385e-01,  7.061783536022652e-01,  2.793986903508314e-01, -1.118037271632576e-01,  7.067368691862302e-02
  4.125000000000000e+00,  7.440709011492179e-01, -3.485621012552305e-01,  7.018907479667269e-01,  2.829651026396779e-01, -1.108164561438528e-01,  7.019265058257695e-02
  4.129166666666666e+00,  7.454252633972343e-01, -3.497776088122011e-01,  6.975496727228732e-01,  2.865266977874230e-01, -1.099383303273975e-01,  6.972374732617556e-02
  4.133333333333334e+00,  7.467212097316649e-01, -3.507620802378861e-01,  6.931481058697261e-01,  2.900819578959746e-01, -1.091648869465592e-01,  6.926688547779063e-02
  4.137500000000000e+00,  7.479471174568854e-01, -3.515338230201528e-01,  6.886786580645371e-01,  2.936314957340055e-01, -1.084924229473938e-01,  6.881982729424285e-02
  4.141666666666667e+00,  7.490914078179446e-01, -3.521121190695380e-01,  6.841338589127062e-01,  2.971752791276321e-01, -1.079171296649394e-01,  6.838071674210526e-02
  4.145833333333334e+00,  7.501423885881492e-01, -3.525158404623683e-01,  6.795061725932371e-01,  3.007135568994868e-01, -1.074354806462857e-01,  6.794727382393645e-02
  4.150000000000000e+00,  7.510885347428342e-01, -3.527642857305169e-01,  6.747881689100972e-01,  3.042460521303536e-01, -1.070440232023368e-01,  6.751755131273175e-02
  4.154166666666667e+00,  7.519184421816484e-01, -3.528762883756205e-01,  6.699725926702125e-01,  3.077725232326465e-01, -1.067396249285035e-01,  6.708948316461898e-02
  4.158333333333333e+00,  7.526209618869494e-01, -3.528702189939752e-01,  6.650524958610634e-01,  3.112926313183219e-01, -1.065194701637764e-01,  6.666106398767430e-02
  4.162500000000001e+00,  7.531853049812371e-01, -3.527637944244331e-01,  6.600213569431377e-01,  3.148059695426399e-01, -1.063810979189883e-01,  6.623039290843899e-02
  4.166666666666667e+00,  7.536011566357104e-01, -3.525739698453778e-01,  6.548732016189528e-01,  3.183120265532109e-01, -1.063224030124836e-01,  6.579576391838861e-02
  4.170833333333333e+00,  7.538587803271716e-01, -3.523166728424925e-01,  6.496027083472764e-01,  3.218102970205898e-01, -1.063416787486909e-01,  6.535563385948076e-02
  4.175000000000001e+00,  7.539491356294835e-01, -3.520067405692564e-01,  6.442053183617670e-01,  3.253002226057146e-01, -1.064375840711722e-01,  6.490870494236969e-02
  4.179166666666667e+00,  7.538639776786240e-01, -3.516577667299126e-01,  6.386773273255897e-01,  3.287812205300397e-01, -1.066091256827916e-01,  6.445392476896551e-02
  4.183333333333334e+00,  7.535959428069771e-01, -3.512819885764644e-01,  6.330159635372625e-01,  3.322526888069991e-01, -1.068556150171810e-01,  6.399049210895492e-02
  4.187500000000000e+00,  7.531386127312194e-01, -3.508901888602820e-01,  6.272194523475447e-01,  3.357140065298891e-01, -1.071766117359249e-01,  6.351785155976360e-02
  4.191666666666666e+00,  7.524865597453978e-01, -3.504916108262439e-01,  6.212870707989644e-01,  3.391645305980165e-01, -1.075718631793561e-01,  6.303567515421417e-02
  4.195833333333334e+00,  7.516353778692421e-01, -3.500939008109223e-01,  6.152191889856840e-01,  3.426035904560976e-01, -1.080412475611833e-01,  6.254383523866291e-02
  4.200000000000000e+00,  7.505816993792870e-01, -3.497031200818137e-01,  6.090172788358014e-01,  3.460304758560177e-01, -1.085847224080157e-01,  6.204238273316504e-02
  4.204166666666667e+00,  7.493231912075163e-01, -3.493238649609238e-01,  6.026838667105875e-01,  3.494444100663776e-01, -1.092022762929887e-01,  6.153154518727939e-02
  4.208333333333334e+00,  7.478585283913357e-01, -3.489594785422052e-01,  5.962224292394994e-01,  3.528445106141034e-01, -1.098938834352919e-01,  6.101174391616446e-02
  4.212500000000000e+00,  7.461873495794273e-01, -3.486122741410402e-01,  5.896372673420076e-01,  3.562297518233337e-01, -1.106594631171351e-01,  6.048361103505440e-02
  4.216666666666667e+00,  7.443102050407991e-01, -3.482836884921570e-01,  5.829334067368666e-01,  3.595989439030639e-01, -1.114988454488485e-01,  5.994798357333613e-02
  4.220833333333333e+00,  7.422285050408136e-01, -3.479743429887390e-01,  5.761165496669344e-01,  3.629507317544717e-01, -1.124117420204247e-01,  5.940586674179449e-02
  4.225000000000001e+00,  7.399444677824307e-01, -3.476840505187893e-01,  5.691930638757299e-01,  3.662836046038888e-01, -1.133977170814509e-01,  5.885837729750893e-02
  4.229166666666667e+00,  7.374610618640530e-01, -3.474118178704235e-01,  5.621699757690675e-01,  3.695959053927983e-01, -1.144561555431878e-01,  5.830668450736069e-02
  4.233333333333333e+00,  7.347819436704132e-01, -3.471558683436629e-01,  5.550549478575894e-01,  3.728858365062108e-01, -1.155862296127693e-01,  5.775195827822993e-02
  4.237500000000000e+00,  7.319113951084245e-01, -3.469136801533683e-01,  5.478562444158577e-01,  3.761514658555865e-01, -1.167868711758464e-01,  5.719532311504349e-02
  4.241666666666667e+00,  7.288542637083456e-01, -3.466820301142968e-01,  5.405826953693836e-01,  3.793907363731578e-01, -1.180567556748782e-01,  5.663781457967272e-02
  4.245833333333334e+00,  7.256159027516247e-01, -3.464570470970203e-01,  5.332436565161986e-01,  3.826014769103358e-01, -1.193942971356297e-01,  5.608034086179765e-02
  4.250000000000000e+00,  7.222021101513337e-01, -3.462342858888889e-01,  5.258489573503243e-01,  3.857814119942193e-01, -1.207976496495034e-01,  5.552365428391220e-02
  4.254166666666666e+00,  7.186190690378432e-01, -3.460088162110928e-01,  5.184088376819588e-01,  3.889281713733357e-01, -1.222647103963573e-01,  5.496833189564451e-02
  4.258333333333334e+00,  7.148732874854511e-01, -3.457753042192888e-01,  5.109338841154197e-01,  3.920392981273363e-01, -1.237931192517577e-01,  5.441475640771328e-02
  4.262500000000000e+00,  7.109716080696229e-01, -3.455281337975027e-01,  5.034349729315565e-01,  3.951122731459901e-01, -1.253802748267392e-01,  5.386313376687826e-02
  4.266666666666667e+00,  7.069211366044048e-01, -3.452614670170502e-01,  4.959232049510745e-01,  3.981445088015111e-01, -1.270233263615954e-01,  5.331347446013154e-02
  4.270833333333334e+00,  7.027293019045059e-01, -3.449694147659319e-01,  4.884098388608376e-01,  4.011333777423503e-01, -1.287192080147392e-01,  5.276565398494763e-02
  4.275000000000000e+00,  6.984037555345211e-01, -3.446460723954918e-01,  4.809062150852021e-01,  4.040762058489268e-01, -1.304646373433955e-01,  5.221938803080443e-02
  4.279166666666667e+00,  6.939526251424778e-01, -3.442858821964827e-01,  4.734237008262721e-01,  4.069703650724430e-01, -1.322562243223071e-01,  5.167441295963896e-02
  4.283333333333333e+00,  6.893842107777243e-01, -3.438837720888961e-01,  4.659736109426554e-01,  4.098132409101400e-01, -1.340904816440614e-01,  5.113042359115788e-02
  4.287500000000001e+00,  6.847092075521057e-01, -3.434370605050363e-01,  4.585673533984176e-01,  4.126046588377236e-01, -1.359654413410144e-01,  5.058799151523270e-02
  4.291666666666667e+00,  6.799353440916469e-01, -3.429395327047464e-01,  4.512156867451404e-01,  4.153408532307745e-01, -1.378763934914701e-01,  5.004596887601578e-02
  4.295833333333333e+00,  6.750702975196859e-01, -3.423848578057269e-01,  4.439289680892289e-01,  4.180180895174818e-01, -1.398184514818646e-01,  4.950297700197740e-02
  4.300000000000001e+00,  6.701231645611261e-01, -3.417690866643839e-01,  4.367173101509074e-01,  4.206343798663408e-01, -1.417878851159990e-01,  4.895823286028712e-02
  4.304166666666667e+00,  6.651035769213363e-01, -3.410896464469821e-01,  4.295902050213677e-01,  4.231870968221483e-01, -1.437806725387542e-01,  4.841188669847067e-02
  4.308333333333334e+00,  6.600209793296302e-01, -3.403438416115105e-01,  4.225566020480862e-01,  4.256747818343435e-01, -1.457932147479875e-01,  4.786323194111662e-02
  4.312500000000000e+00,  6.548850319672669e-01, -3.395300645215189e-01,  4.156247185738847e-01,  4.280959333601650e-01, -1.478218990650718e-01,  4.731199996563821e-02
  4.316666666666666e+00,  6.497054675954008e-01, -3.386475447314110e-01,  4.088020063378396e-01,  4.304493732187241e-01, -1.498632532484973e-01,  4.675805696967070e-02
  4.320833333333334e+00,  6.444920643602073e-01, -3.376963994726165e-01,  4.020951072235768e-01,  4.327342735538600e-01, -1.519139719689367e-01,  4.620143532572001e-02
  4.325000000000000e+00,  6.392546308478659e-01, -3.366776798852744e-01,  3.955098321732404e-01,  4.349501753877358e-01, -1.539709409898104e-01,  4.564236538936767e-02
  4.329166666666667e+00,  6.340029989392358e-01, -3.355934309300705e-01,  3.890511480979916e-01,  4.370969963334336e-01, -1.560312608079441e-01,  4.508131164563606e-02
  4.333333333333334e+00,  6.287470050875912e-01, -3.344467683653793e-01,  3.827231495289274e-01,  4.391750274960464e-01, -1.580922701128532e-01,  4.451901354847093e-02
  4.337500000000000e+00,  6.234964239424877e-01, -3.332419255637373e-01,  3.765290085719349e-01,  4.411849269458368e-01, -1.601515687108978e-01,  4.395651254306419e-02
  4.341666666666667e+00,  6.182608002728815e-01, -3.319841752970929e-01,  3.704709133005873e-01,  4.431277246779496e-01, -1.622070428846156e-01,  4.339512652846116e-02
  4.345833333333333e+00,  6.130491525085173e-01, -3.306795725617551e-01,  3.645500073270719e-01,  4.450048469616536e-01, -1.642568982847260e-01,  4.283634888589039e-02
  4.350000000000000e+00,  6.078696224340260e-01, -3.293346001688164e-01,  3.587663486045990e-01,  4.468181447648134e-01, -1.662996978505837e-01,  4.228170836737959e-02
  4.354166666666667e+00,  6.027292109936452e-01, -3.279558765001696e-01,  3.531189097384718e-01,  4.485698999895993e-01, -1.683343932350979e-01,  4.173266124099816e-02
  4.358333333333333e+00,  5.976336661398912e-01, -3.265500001757857e-01,  3.476056255439576e-01,  4.502628011150657e-01, -1.703603413513798e-01,  4.119054856457186e-02
  4.362500000000001e+00,  5.925874720024320e-01, -3.251234812601518e-01,  3.422234706279295e-01,  4.518999004225075e-01, -1.723773068024306e-01,  4.065659473846896e-02
  4.366666666666667e+00,  5.875938658474211e-01, -3.236826857494497e-01,  3.369685465872009e-01,  4.534845655227073e-01, -1.743854547309925e-01,  4.013191434398658e-02
  4.370833333333334e+00,  5.826548577298452e-01, -3.222337669203750e-01,  3.318361700594488e-01,  4.550204300510622e-01, -1.763853389256398e-01,  3.961751705042472e-02
  4.375000000000000e+00,  5.777712605958422e-01, -3.207825872831263e-01,  3.268209610869197e-01,  4.565113455613333e-01, -1.783778893502408e-01,  3.911431384790347e-02
  4.379166666666666e+00,  5.729427373784707e-01, -3.193346367807417e-01,  3.219169335703858e-01,  4.579613356195000e-01, -1.803643992207501e-01,  3.862312558445995e-02
  4.383333333333334e+00,  5.681678643883613e-01, -3.178949512135751e-01,  3.171175913618508e-01,  4.593745505912991e-01, -1.823465077499581e-01,  3.814469096859296e-02
  4.387500000000000e+00,  5.634442098633149e-01, -3.164680361322678e-01,  3.124160324092763e-01,  4.607552207212300e-01, -1.843261763776013e-01,  3.767967334708292e-02
  4.391666666666667e+00,  5.587684266376993e-01, -3.150578007237339e-01,  3.078050578024592e-01,  4.621076071637168e-01, -1.863056606292592e-01,  3.722866937508808e-02
  4.395833333333334e+00,  5.541363563284996e-01, -3.136675037798542e-01,  3.032772802803855e-01,  4.634359530644800e-01, -1.882874803668683e-01,  3.679222206879913e-02
  4.400000000000000e+00,  5.495431432470075e-01, -3.122997121017974e-01,  2.988252302375329e-01,  4.647444375902756e-01, -1.902743889716502e-01,  3.637083760194391e-02
  4.404166666666667e+00,  5.449833587009075e-01, -3.109562718413790e-01,  2.944414584018460e-01,  4.660371349138105e-01, -1.922693413759904e-01,  3.596500490359275e-02
  4.408333333333333e+00,  5.404511354351573e-01, -3.096382951670646e-01,  2.901186322386681e-01,  4.673179779704124e-01, -1.942754615188539e-01,  3.557521811933014e-02
  4.412500000000001e+00,  5.359403077432439e-01, -3.083461643225811e-01,  2.858496241966035e-01,  4.685907254288567e-01, -1.962960098097475e-01,  3.520200096910876e-02
  4.416666666666667e+00,  5.314445510330318e-01, -3.070795509061677e-01,  2.816275932199008e-01,  4.698589317202959e-01, -1.983343514594107e-01,  3.484593139800969e-02
  4.420833333333333e+00,  5.269575176339352e-01, -3.058374458917030e-01,  2.774460626345910e-01,  4.711259216899902e-01, -2.003939264749709e-01,  3.450766582205299e-02
  4.425000000000001e+00,  5.224729693536307e-01, -3.046181988128609e-01,  2.732989974710544e-01,  4.723947708792368e-01, -2.024782201548688e-01,  3.418796183373357e-02
  4.429166666666667e+00,  5.179849076785772e-01, -3.034195675745501e-01,  2.691808823821509e-01,  4.736682912377263e-01, -2.045907315533344e-01,  3.388769745806160e-02
  4.433333333333334e+00,  5.134876993176478e-01, -3.022387796863917e-01,  2.650867982317034e-01,  4.749490221414852e-01, -2.067349390689635e-01,  3.360788624053837e-02
  4.437500000000000e+00,  5.089761912153242e-01, -3.010726034707825e-01,  2.610124937853176e-01,  4.762392274913851e-01, -2.089142647302964e-01,  3.334968782498447e-02
  4.441666666666666e+00,  5.044458090059858e-01, -2.999174268169831e-01,  2.569544480862171e-01,  4.775409001874424e-01, -2.111320396226342e-01,  3.311441247907858e-02
  4.445833333333334e+00,  4.998926361926691e-01, -2.987693418806765e-01,  2.529099176838784e-01,  4.788557746755540e-01, -2.133914726174301e-01,  3.290351890663645e-02
  4.450000000000000e+00,  4.953134744699944e-01, -2.976242353483372e-01,  2.488769645883511e-01,  4.801853469985995e-01, -2.156956231510507e-01,  3.271860685995352e-02
  4.454166666666667e+00,  4.907058862924655e-01, -2.964778831291033e-01,  2.448544663550475e-01,  4.815309013919717e-01, -2.180473770087329e-01,  3.256140611843398e-02
  4.458333333333334e+00,  4.860682194095023e-01, -2.953260457825437e-01,  2.408421124727727e-01,  4.828935430802280e-01, -2.204494241865372e-01,  3.243376208761271e-02
  4.462500000000000e+00,  4.813996116623260e-01, -2.941645603540570e-01,  2.368403892134047e-01,  4.842742369749936e-01, -2.229042395334667e-01,  3.233761711263803e-02
  4.466666666666667e+00,  4.766999753162924e-01, -2.929894267376578e-01,  2.328505528539500e-01,  4.856738517633586e-01, -2.254140677128741e-01,  3.227498566805466e-02
  4.470833333333333e+00,  4.719699621411574e-01, -2.917968882366626e-01,  2.288745905878355e-01,  4.870932096090355e-01, -2.279809138796672e-01,  3.224792191653517e-02
  4.475000000000001e+00,  4.672109098680134e-01, -2.905835041680009e-01,  2.249151691197288e-01,  4.885331421315462e-01, -2.306065414934969e-01,  3.225847985115269e-02
  4.479166666666667e+00,  4.624247695131350e-01, -2.893462101446103e-01,  2.209755725803270e-01,  4.899945519988924e-01, -2.332924785908067e-01,  3.230866798703409e-02
  4.483333333333333e+00,  4.576140142540239e-01, -2.880823631334848e-01,  2.170596316456506e-01,  4.914784767948129e-01, -2.360400314227503e-01,  3.240040126657328e-02
  4.487500000000001e+00,  4.527815313401162e-01, -2.867897730436293e-01,  2.131716439354925e-01,  4.929861496144473e-01, -2.388503003744397e-01,  3.253545165176086e-02
  4.491666666666667e+00,  4.479312080454909e-01, -2.854652524150816e-01,  2.093164939886582e-01,  4.945197861408357e-01, -2.417244455070638e-01,  3.271481570855351e-02
  4.495833333333334e+00,  4.430649365680193e-01, -2.841105514491815e-01,  2.054987038493200e-01,  4.960796658192665e-01, -2.446626900699597e-01,  3.294101581230442e-02
  4.500000000000000e+00,  4.381867945076962e-01, -2.827234484057137e-01,  2.017236348705310e-01,  4.976686602004142e-01, -2.476658680932389e-01,  3.321450084298685e-02
  4.504166666666667e+00,  4.333000133652073e-01, -2.813037240006513e-01,  1.979965097498364e-01,  4.992892502807406e-01, -2.507344239541023e-01,  3.353599508551358e-02
  4.508333333333334e+00,  4.284075792787628e-01, -2.798516495581569e-01,  1.943225465673719e-01,  5.009443228921659e-01, -2.538686930936692e-01,  3.390585108053346e-02
  4.512500000000000e+00,  4.235121005351142e-01, -2.783679666313033e-01,  1.907068637818951e-01,  5.026371979846959e-01, -2.570689195692124e-01,  3.432400690826181e-02
  4.516666666666667e+00,  4.186156728120731e-01, -2.768538632474231e-01,  1.871543801803639e-01,  5.043716478402833e-01, -2.603352667195382e-01,  3.478995097828703e-02
  4.520833333333334e+00,  4.137197501204342e-01, -2.753109499961712e-01,  1.836697158172166e-01,  5.061519076465867e-01, -2.636678217752899e-01,  3.530269784787952e-02
  4.525000000000000e+00,  4.088250284096967e-01, -2.737412361952589e-01,  1.802571018369584e-01,  5.079826770087675e-01, -2.670665955267152e-01,  3.586077331976311e-02
  4.529166666666667e+00,  4.039313449848715e-01, -2.721471055501605e-01,  1.769203024147210e-01,  5.098691120276514e-01, -2.705315164436929e-01,  3.646220684783127e-02
  4.533333333333333e+00,  3.990375967019379e-01, -2.705312920439500e-01,  1.736625478397186e-01,  5.118168080701960e-01, -2.740624170826687e-01,  3.710453201768770e-02
  4.537500000000000e+00,  3.941416805099356e-01, -2.688968578861872e-01,  1.704864782390306e-01,  5.138317732723681e-01, -2.776590109925834e-01,  3.778479567395551e-02
  4.541666666666667e+00,  3.892404595961025e-01, -2.672471756154438e-01,  1.673941001267000e-01,  5.159203933722853e-01, -2.813208613126301e-01,  3.849957611968615e-02
  4.545833333333333e+00,  3.843297594192137e-01, -2.655859157683820e-01,  1.643867576636200e-01,  5.180893912076731e-01, -2.850473446156419e-01,  3.924501409164804e-02
  4.550000000000001e+00,  3.794043980467338e-01, -2.639170393274142e-01,  1.614651182127496e-01,  5.203457855470646e-01, -2.888376119958580e-01,  4.001686074062866e-02
  4.554166666666667e+00,  3.744582532659398e-01, -2.622447925999969e-01,  1.586291711134242e-01,  5.226968517711936e-01, -2.926905470983963e-01,  4.081054216049245e-02
  4.558333333333334e+00,  3.694843691376549e-01, -2.605737027810107e-01,  1.558782387344294e-01,  5.251500860357072e-01, -2.966047213039170e-01,  4.162123688191275e-02
  4.562500000000000e+00,  3.644751059252049e-01, -2.589085725944877e-01,  1.532109990759308e-01,  5.277131752617861e-01, -3.005783465160614e-01,  4.244396326847998e-02
  4.566666666666666e+00,  3.594223346762497e-01, -2.572544706653199e-01,  1.506255190660624e-01,  5.303939726218959e-01, -3.046092236722487e-01,  4.327367471281049e-02
  4.570833333333334e+00,  3.543176733858681e-01, -2.556167126279028e-01,  1.481192952770143e-01,  5.332004744894566e-01, -3.086946837509450e-01,  4.410536246478175e-02
  4.575000000000000e+00,  3.491527602051195e-01, -2.540008281799384e-01,  1.456892975497044e-01,  5.361407954047878e-01, -3.128315193008497e-01,  4.493416793113141e-02
  4.579166666666667e+00,  3.439195596729471e-01, -2.524125102272747e-01,  1.433320147489252e-01,  5.392231412587892e-01, -3.170159061422815e-01,  4.575550375984708e-02
  4.583333333333334e+00,  3.386106979759639e-01, -2.508575418500352e-01,  1.410435046430315e-01,  5.424557836289148e-01, -3.212433163758385e-01,  4.656517833605307e-02
  4.587500000000000e+00,  3.332198217878563e-01, -2.493416954714180e-01,  1.388194471409398e-01,  5.458470375800762e-01, -3.255084260121509e-01,  4.735951763400331e-02
  4.591666666666667e+00,  3.277419720690347e-01, -2.478705981547999e-01,  1.366551970980699e-01,  5.494052427485746e-01, -3.298050226049041e-01,  4.813547992101164e-02
  4.595833333333333e+00,  3.221739604274341e-01, -2.464495587062174e-01,  1.345458328404328e-01,  5.531387473942637e-01, -3.341259192521102e-01,  4.889075867512467e-02
  4.600000000000001e+00,  3.165147325033871e-01, -2.450833569355333e-01,  1.324861974820146e-01,  5.570558968183605e-01, -3.384628807470266e-01,  4.962386777073597e-02
  4.604166666666667e+00,  3.107657001355060e-01, -2.437760019880024e-01,  1.304709319714345e-01,  5.611650270561034e-01, -3.428065650924218e-01,  5.033420182844647e-02
  4.608333333333333e+00,  3.049310220444029e-01, -2.425304728138888e-01,  1.284945005242837e-01,  5.654744627089038e-01, -3.471464814312250e-01,  5.102206557644411e-02
  4.612500000000001e+00,  2.990178126548756e-01, -2.413484576592391e-01,  1.265512091045229e-01,  5.699925169633081e-01, -3.514709661624270e-01,  5.168866932006051e-02
  4.616666666666667e+00,  2.930362610914735e-01, -2.402301107691469e-01,  1.246352182373872e-01,  5.747274910420850e-01, -3.557671793562828e-01,  5.233608945319158e-02
  4.620833333333334e+00,  2.869996471049669e-01, -2.391738454736461e-01,  1.227405524322388e-01,  5.796876687577901e-01, -3.600211217915780e-01,  5.296719359935452e-02
  4.625000000000000e+00,  2.809242464780290e-01, -2.381761841904111e-01,  1.208611073385576e-01,  5.848813017249114e-01, -3.642176724564558e-01,  5.358553342487728e-02
  4.629166666666666e+00,  2.748291243847611e-01, -2.372316848651881e-01,  1.189906554104459e-01,  5.903165822617872e-01, -3.683406472905026e-01,  5.419521159244590e-02
  4.633333333333334e+00,  2.687358231699578e-01, -2.363329576542925e-01,  1.171228539733983e-01,  5.960016028819821e-01, -3.723728806300110e-01,  5.480072788843760e-02
  4.637500000000000e+00,  2.626679606102655e-01, -2.354707751582550e-01,  1.152512621013015e-01,  6.019443033681023e-01, -3.762963305507090e-01,  5.540680786227237e-02
  4.641666666666667e+00,  2.566507607019348e-01, -2.346342671303960e-01,  1.133693716093695e-01,  6.081524068177799e-01, -3.800922055755713e-01,  5.601822073507281e-02
  4.645833333333334e+00,  2.507098593939552e-01, -2.338149604677691e-01,  1.114696124187948e-01,  6.146322557494549e-01, -3.837406877983244e-01,  5.664088065414886e-02
  4.650000000000000e+00,  2.448735587138491e-01, -2.329923404305292e-01,  1.095475288421900e-01,  6.213930351849793e-01, -3.872227301552164e-01,  5.727664016412708e-02
  4.654166666666667e+00,  2.391680537726729e-01, -2.321557638930984e-01,  1.075957910203966e-01,  6.284402956742802e-01, -3.905177467839940e-01,  5.793053381021720e-02
  4.658333333333333e+00,  2.336198148702700e-01, -2.312907214348408e-01,  1.056082713030897e-01,  6.357800690910204e-01, -3.936053605403142e-01,  5.860579031034908e-02
  4.662500000000001e+00,  2.282544276631040e-01, -2.303825847924434e-01,  1.035791763887474e-01,  6.434177408591228e-01, -3.964651252944352e-01,  5.930489161964499e-02
  4.666666666666667e+00,  2.230962208591818e-01, -2.294168726232686e-01,  1.015031657827258e-01,  6.513579713241910e-01, -3.990766431380086e-01,  6.002946122492409e-02
  4.670833333333333e+00,  2.181679571014338e-01, -2.283794585788876e-01,  9.937546703564357e-02,  6.596046309451149e-01, -4.014196803587961e-01,  6.078017319130685e-02
  4.675000000000001e+00,  2.134905825245166e-01, -2.272567164365402e-01,  9.719197703160454e-02,  6.681607489442749e-01, -4.034742804004159e-01,  6.155668525225527e-02
  4.679166666666667e+00,  2.090830284256489e-01, -2.260356107665471e-01,  9.494934341294925e-02,  6.770284706370840e-01, -4.052208716378068e-01,  6.235759929557354e-02
  4.683333333333334e+00,  2.049620569789851e-01, -2.247037512462782e-01,  9.264502432573464e-02,  6.862090170903616e-01, -4.066403717757227e-01,  6.318045310891927e-02
  4.687500000000000e+00,  2.011421409149384e-01, -2.232494308523350e-01,  9.027732434255330e-02,  6.957026403043892e-01, -4.077142913128378e-01,  6.402174684577429e-02
  4.691666666666666e+00,  1.976353662389209e-01, -2.216616627904022e-01,  8.784540072952539e-02,  7.055085678239046e-01, -4.084248358039611e-01,  6.487700462624854e-02
  4.695833333333334e+00,  1.944513500922674e-01, -2.199302222099551e-01,  8.534923391569142e-02,  7.156249346175998e-01, -4.087550068431431e-01,  6.574086799669386e-02
  4.700000000000000e+00,  1.915971706594136e-01, -2.180456919061655e-01,  8.278956313382575e-02,  7.260487048140702e-01, -4.086887038343475e-01,  6.660721567971686e-02
  4.704166666666667e+00,  1.890773083835996e-01, -2.159995095418572e-01,  8.016779629578820e-02,  7.367755868548458e-01, -4.082108284087125e-01,  6.746930428005433e-02
  4.708333333333334e+00,  1.868935995220590e-01, -2.137840177703487e-01,  7.748590349886995e-02,  7.477999439124836e-01, -4.073073918986117e-01,  6.831992800263018e-02
  4.712500000000000e+00,  1.850452068520136e-01, -2.113925228870774e-01,  7.474629906786037e-02,  7.591147018056118e-01, -4.059656259451532e-01,  6.915159781158761e-02
  4.716666666666667e+00,  1.835286144335188e-01, -2.088193663868987e-01,  7.195171731120394e-02,  7.707112596362977e-01, -4.041740961903498e-01,  6.995673750784538e-02
  4.720833333333333e+00,  1.823376510342231e-01, -2.060600101308745e-01,  6.910509158690833e-02,  7.825794098826006e-01, -4.019228177855780e-01,  7.072788979354754e-02
  4.725000000000001e+00,  1.814637929882050e-01, -2.031083105814462e-01,  6.621003809284988e-02,  7.947077550052050e-01, -3.992035773423147e-01,  7.145719519193018e-02
  4.729166666666667e+00,  1.808953229812056e-01, -1.999684207078012e-01,  6.326834599718147e-02,  8.070816521705845e-01, -3.960091743638924e-01,  7.213964820549772e-02
  4.733333333333333e+00,  1.806186927524095e-01, -1.966364551238586e-01,  6.028359323427415e-02,  8.196863064299309e-01, -3.923348811817696e-01,  7.276851960507846e-02
  4.737500000000001e+00,  1.806179380452347e-01, -1.931134783879545e-01,  5.725857084225518e-02,  8.325045956331122e-01, -3.881775836226327e-01,  7.333888589998805e-02
  4.741666666666667e+00,  1.808750437997013e-01, -1.894022872833825e-01,  5.419588688404433e-02,  8.455176540007250e-01, -3.835360935259316e-01,  7.384694556900497e-02
  4.745833333333334e+00,  1.813702151550288e-01, -1.855075343307298e-01,  5.109795897396749e-02,  8.587049291702703e-01, -3.784111889384202e-01,  7.429019277767890e-02
  4.750000000000000e+00,  1.820822140233718e-01, -1.814358197915196e-01,  4.796703620269602e-02,  8.720442806709034e-01, -3.728056226267848e-01,  7.466756918836635e-02
  4.754166666666667e+00,  1.829887507615740e-01, -1.771957367216836e-01,  4.480524426343241e-02,  8.855121218744346e-01, -3.667240948246642e-01,  7.497958629300888e-02
  4.758333333333334e+00,  1.840669116189943e-01, -1.727978591385639e-01,  4.161464479568863e-02,  8.990836030529785e-01, -3.601731896766984e-01,  7.522841205262648e-02
  4.762500000000000e+00,  1.852936060711037e-01, -1.682546736426900e-01,  3.839730192341342e-02,  9.127328311344399e-01, -3.531612812598384e-01,  7.541791699503475e-02
  4.766666666666667e+00,  1.866460289969593e-01, -1.635804607371922e-01,  3.515535277411787e-02,  9.264331238246756e-01, -3.456984217595222e-01,  7.555367507225517e-02
  4.770833333333334e+00,  1.881021350635585e-01, -1.587911289732704e-01,  3.189107897977937e-02,  9.401572967446798e-01, -3.377962249652436e-01,  7.564291509305238e-02
  4.775000000000000e+00,  1.896411086573831e-01, -1.539039965095881e-01,  2.860697324589050e-02,  9.538779765955742e-01, -3.294677508236806e-01,  7.569442057217544e-02
  4.779166666666667e+00,  1.912437936927392e-01, -1.489375103987725e-01,  2.530579371929209e-02,  9.675679238121320e-01, -3.207273891441508e-01,  7.571837941801624e-02
  4.783333333333333e+00,  1.928930398169714e-01, -1.439108997398773e-01,  2.199060047169404e-02,  9.812003420951568e-01, -3.115907395055437e-01,  7.572618944567436e-02
  4.787500000000000e+00,  1.945739290325766e-01, -1.388437716681397e-01,  1.866477059528581e-02,  9.947491535804720e-01, -3.020744867455925e-01,  7.573022992012669e-02
  4.791666666666667e+00,  1.962738651459436e-01, -1.337556727841227e-01,  1.533198959225235e-02,  1.008189226570562e+00, -2.921962720071879e-01,  7.574361153660342e-02
  4.795833333333333e+00,  1.979825326369191e-01, -1.286656498450955e-01,  1.199621806323018e-02,  1.021496553982892e+00, -2.819745588215752e-01,  7.577991679666334e-02
  4.800000000000001e+00,  1.996917542424052e-01, -1.235918509054885e-01,  8.661636568693476e-03,  1.034648388884331e+00, -2.714284937955637e-01,  7.585294153433947e-02
  4.804166666666667e+00,  2.013952879452711e-01, -1.185512065447152e-01,  5.332577733662457e-03,  1.047623345307697e+00, -2.605777605860639e-01,  7.597644865444096e-02
  4.808333333333334e+00,  2.030885991088218e-01, -1.135592145901825e-01,  2.013458333683103e-03,  1.060401470210143e+00, -2.494424250077475e-01,  7.616394515734005e-02
  4.812500000000000e+00,  2.047686277967537e-01, -1.086298250433460e-01, -1.291279416928696e-03,  1.072964290030524e+00, -2.380427730485665e-01,  7.642849012246722e-02
  4.816666666666666e+00,  2.064335564417079e-01, -1.037754000223987e-01, -4.577216492786649e-03,  1.085294833988358e+00, -2.263991508560063e-01,  7.678253530655328e-02
  4.820833333333334e+00,  2.080825770473293e-01, -9.900671887009360e-02, -7.840000118369869e-03,  1.097377635404668e+00, -2.145318166552962e-01,  7.723779446686133e-02
  4.825000000000000e+00,  2.097156601789281e-01, -9.433300898493280e-02, -1.107538373855032e-02,  1.109198712164984e+00, -2.024608070280926e-01,  7.780513577005881e-02
  4.829166666666667e+00,  2.113333344310817e-01, -8.976199551095077e-02, -1.427926067196319e-02,  1.120745528578907e+00, -1.902058149883250e-01,  7.849449462198646e-02
  4.833333333333334e+00,  2.129364889728687e-01, -8.529996803742512e-02, -1.744768605554974e-02,  1.132006942767599e+00, -1.777860796764905e-01,  7.931480691062950e-02
  4.837500000000000e+00,  2.145262109640474e-01, -8.095186111302310e-02, -2.057688459831085e-02,  1.142973145110260e+00, -1.652202901500400e-01,  8.027396084762432e-02
  4.841666666666667e+00,  2.161036645502106e-01, -7.672134360196559e-02, -2.366324414945432e-02,  1.153635592704620e+00, -1.525265045243634e-01,  8.137876338028895e-02
  4.845833333333333e+00,  2.176700108521243e-01, -7.261091229197403e-02, -2.670329517650466e-02,  1.163986942212027e+00, -1.397220829347152e-01,  8.263491872735350e-02
  4.850000000000001e+00,  2.192263623325846e-01, -6.862198741533754e-02, -2.969367853310214e-02,  1.174020981205729e+00, -1.268236321896886e-01,  8.404701861358635e-02
  4.854166666666667e+00,  2.207737618161668e-01, -6.475500995812911e-02, -3.263110850237706e-02,  1.183732557564005e+00, -1.138469640993453e-01,  8.561854289590151e-02
  4.858333333333333e+00,  2.223131756025529e-01, -6.100954044845719e-02, -3.551233914990340e-02,  1.193117506931726e+00, -1.008070735019342e-01,  8.735186802846993e-02
  4.862500000000001e+00,  2.238454919075793e-01, -5.738435817580578e-02, -3.833413822925973e-02,  1.202172579146651e+00, -8.771813809840315e-02,  8.924828139627530e-02
  4.866666666666667e+00,  2.253715203037788e-01, -5.387756238910368e-02, -4.109326985707287e-02,  1.210895365308412e+00, -7.459353573936110e-02,  9.130800161667206e-02
  4.870833333333334e+00,  2.268919919174995e-01, -5.048668080785434e-02, -4.378648778985775e-02,  1.219284227460141e+00, -6.144587638523077e-02,  9.353020725898835e-02
  4.875000000000000e+00,  2.284075614614652e-01, -4.720878956909158e-02, -4.641054106565461e-02,  1.227338232712725e+00, -4.828704838591938e-02,  9.591307526119359e-02
  4.879166666666666e+00,  2.299188115462826e-01, -4.404064295128496e-02, -4.896219061612100e-02,  1.235057093230577e+00, -3.512827303296324e-02,  9.845382473688308e-02
  4.883333333333334e+00,  2.314262579673371e-01, -4.097880758628825e-02, -5.143823367314859e-02,  1.242441112816756e+00, -2.198015816696160e-02,  1.011487592235950e-01
  4.887500000000000e+00,  2.329303523265899e-01, -3.801979668077959e-02, -5.383553460246963e-02,  1.249491139948191e+00, -8.852746906335947e-03,  1.039933063675626e-01
  4.891666666666667e+00,  2.344314769095979e-01, -3.516020103924555e-02, -5.615106177359932e-02,  1.256208525728728e+00,  4.244438960671515e-03,  1.069820614699895e-01
  4.895833333333334e+00,  2.359299263432393e-01, -3.239681189055466e-02, -5.838192844445719e-02,  1.262595083816572e+00,  1.730236145123977e-02,  1.101088403232798e-01
  4.900000000000000e+00,  2.374258714932722e-01, -2.972672661558406e-02, -6.052543582314884e-02,  1.268653049976094e+00,  3.031243285052721e-02,  1.133667406410947e-01
  4.904166666666667e+00,  2.389193051451328e-01, -2.714742553446925e-02, -6.257911927262709e-02,  1.274385041882409e+00,  4.326648289232631e-02,  1.167482089270265e-01
  4.908333333333333e+00,  2.404099737898364e-01, -2.465680745895282e-02, -6.454079880304504e-02,  1.279794021624641e+00,  5.615672585210307e-02,  1.202451098777328e-01
  4.912500000000001e+00,  2.418973002911509e-01, -2.225317502669188e-02, -6.640863188899206e-02,  1.284883261704825e+00,  6.897572741597095e-02,  1.238487936024081e-01
  4.916666666666667e+00,  2.433803005494231e-01, -1.993516936589734e-02, -6.818116558079319e-02,  1.289656313137722e+00,  8.171636771559086e-02,  1.275501542709132e-01
  4.920833333333333e+00,  2.448574996109306e-01, -1.770166411744944e-02, -6.985738629235042e-02,  1.294116974965157e+00,  9.437179544178884e-02,  1.313396763733584e-01
  4.925000000000001e+00,  2.463268570233509e-01, -1.555163494361578e-02, -7.143676444660695e-02,  1.298269266342078e+00,  1.069353743852677e-01,  1.352074702176573e-01
  4.929166666666667e+00,  2.477857109705535e-01, -1.348402205931754e-02, -7.291928819696354e-02,  1.302117402120901e+00,  1.194006321173175e-01,  1.391433033082866e-01
  4.933333333333334e+00,  2.492307468401710e-01, -1.149760483458118e-02, -7.430548140962305e-02,  1.305665771888336e+00,  1.317612164452969e-01,  1.431366350847256e-01
  4.937500000000000e+00,  2.506579942055659e-01, -9.590907765802514e-03, -7.559640464690649e-02,  1.308918923326467e+00,  1.440108530648294e-01,  1.471766575199726e-01
  4.941666666666666e+00,  2.520628561448586e-01, -7.762149843673294e-03, -7.679363889734221e-02,  1.311881551800288e+00,  1.561432985798111e-01,  1.512523402152225e-01
  4.945833333333334e+00,  2.534401611453452e-01, -6.009242319821695e-03, -7.789924970327142e-02,  1.314558516804889e+00,  1.681522846228606e-01,  1.553524773003525e-01
  4.950000000000000e+00,  2.547841591312279e-01, -4.329819533974488e-03, -7.891573576653411e-02,  1.316955125588266e+00,  1.800313400454995e-01,  1.594656939541165e-01
  4.954166666666667e+00,  2.560888822819892e-01, -2.721027281826771e-03, -7.984604971834862e-02,  1.319076320923072e+00,  1.917741748605314e-01,  1.635806317864368e-01
  4.958333333333334e+00,  2.573478772139812e-01, -1.179921601543787e-03, -8.069336338451318e-02,  1.320927352361018e+00,  2.033739188242386e-01,  1.676855482428390e-01
  4.962500000000000e+00,  2.585550924030539e-01,  2.959517674483436e-04, -8.146098088758590e-02,  1.322513340012397e+00,  2.148248958286185e-01,  1.717699652725193e-01
  4.966666666666667e+00,  2.597037851530182e-01,  1.710059321775148e-03, -8.215257279031561e-02,  1.323839934774660e+00,  2.261199714545939e-01,  1.758223459046465e-01
  4.970833333333333e+00,  2.607875180520119e-01,  3.065610199378455e-03, -8.277184926689786e-02,  1.324912791895042e+00,  2.372523954935385e-01,  1.798318425722346e-01
  4.975000000000001e+00,  2.617997549086780e-01,  4.365578060622877e-03, -8.332243755601736e-02,  1.325737780184955e+00,  2.482150629301179e-01,  1.837875675820895e-01
  4.979166666666667e+00,  2.627346157603707e-01,  5.613210771999722e-03, -8.380810844519737e-02,  1.326320740897724e+00,  2.590012735973154e-01,  1.876795643317886e-01
  4.983333333333333e+00,  2.635860945513271e-01,  6.811293439008548e-03, -8.423234616488613e-02,  1.326667791800571e+00,  2.696037264538227e-01,  1.914975873547506e-01
  4.987500000000001e+00,  2.643489896770924e-01,  7.962678959710923e-03, -8.459863801421925e-02,  1.326785005951582e+00,  2.800156166951538e-01,  1.952325277323398e-01
  4.991666666666667e+00,  2.650183585645675e-01,  9.069888589341213e-03, -8.491021123961390e-02,  1.326678620512462e+00,  2.902298691541957e-01,  1.988754306424321e-01
  4.995833333333334e+00,  2.655898414054887e-01,  1.013522909431597e-02, -8.517010115115271e-02,  1.326354920112606e+00,  3.002395539383900e-01,  2.024180268472033e-01
  5.000000000000000e+00,  2.660598798485543e-01,  1.116059601164765e-02, -8.538112394821901e-02,  1.325820163006110e+00,  3.100386024606125e-01,  2.058533420176365e-01
  5.004166666666667e+00,  2.664247894940035e-01,  1.214806420646086e-02, -8.554581873800560e-02,  1.325080861542391e+00,  3.196189715326289e-01,  2.091731484390576e-01
  5.008333333333334e+00,  2.666822021747996e-01,  1.309894941429124e-02, -8.566650599427431e-02,  1.324143300724016e+00,  3.289750287403370e-01,  2.123718721086867e-01
  5.012500000000000e+00,  2.668301312840931e-01,  1.401441048233809e-02, -8.574525369458268e-02,  1.323013833462905e+00,  3.381007696379771e-01,  2.154440710482666e-01
  5.016666666666667e+00,  2.668672056767807e-01,  1.489529507508847e-02, -8.578390313551534e-02,  1.321698774255978e+00,  3.469906034957841e-01,  2.183850873434004e-01
  5.020833333333334e+00,  2.667926556510303e-01,  1.574213625716481e-02, -8.578408939601714e-02,  1.320204374990680e+00,  3.556394305550035e-01,  2.211910571446837e-01
  5.025000000000000e+00,  2.666062858994904e-01,  1.655516065327478e-02, -8.574727022341799e-02,  1.318536796845387e+00,  3.640427171062862e-01,  2.238589167501670e-01
  5.029166666666667e+00,  2.663084397975458e-01,  1.733430237696076e-02, -8.567475824781451e-02,  1.316702081264282e+00,  3.721965662681542e-01,  2.263864087866227e-01
  5.033333333333333e+00,  2.658999578205346e-01,  1.807922469685308e-02, -8.556775406344834e-02,  1.314706122486266e+00,  3.800977854775288e-01,  2.287720870563030e-01
  5.037500000000000e+00,  2.653821297930296e-01,  1.878935293445183e-02, -8.542738103651369e-02,  1.312554644315669e+00,  3.877439485414286e-01,  2.310153143159688e-01
  5.041666666666667e+00,  2.647566379459201e-01,  1.946392153301102e-02, -8.525472381802350e-02,  1.310253184778253e+00,  3.951334448388379e-01,  2.331162475742375e-01
  5.045833333333333e+00,  2.640254833460480e-01,  2.010203469693295e-02, -8.505086923112135e-02,  1.307807109855474e+00,  4.022655000015668e-01,  2.350758059944486e-01
  5.050000000000001e+00,  2.631908705709168e-01,  2.070275586561654e-02, -8.481695250343489e-02,  1.305221724987731e+00,  4.091401341644594e-01,  2.368956088764174e-01
  5.054166666666667e+00,  2.622553598586280e-01,  2.126504258167916e-02, -8.455414942234812e-02,  1.302501754719890e+00,  4.157584181853825e-01,  2.385780462217290e-01
  5.058333333333334e+00,  2.612216676773186e-01,  2.178778774127754e-02, -8.426369685031837e-02,  1.299651617016697e+00,  4.221223330753803e-01,  2.401261757563991e-01
  5.062500000000000e+00,  2.600925500789397e-01,  2.227007497913203e-02, -8.394697583693803e-02,  1.296675662617550e+00,  4.282346349670906e-01,  2.415436057606232e-01
  5.066666666666666e+00,  2.588708160127800e-01,  2.271113191407337e-02, -8.360548439136239e-02,  1.293578006971321e+00,  4.340989027594623e-01,  2.428344772461015e-01
  5.070833333333334e+00,  2.575592838332548e-01,  2.311038803009047e-02, -8.324084233244836e-02,  1.290362540597408e+00,  4.397194872617103e-01,  2.440034018709240e-01
  5.075000000000000e+00,  2.561607366303486e-01,  2.346752518912099e-02, -8.285479378595983e-02,  1.287032941704056e+00,  4.451014529979999e-01,  2.450553984378790e-01
  5.079166666666667e+00,  2.546778842883150e-01,  2.378252219510268e-02, -8.244920751271016e-02,  1.283592692253642e+00,  4.502505110311202e-01,  2.459958278221586e-01
  5.083333333333334e+00,  2.531133415959514e-01,  2.405569091424464e-02, -8.202607139429720e-02,  1.280045099707573e+00,  4.551729390012298e-01,  2.468303279801934e-01
  5.087500000000000e+00,  2.514696231522247e-01,  2.428770433349481e-02, -8.158747871997078e-02,  1.276393324925698e+00,  4.598754898044953e-01,  2.475647506252907e-01
  5.091666666666667e+00,  2.497491468493121e-01,  2.447962025393546e-02, -8.113560708536129e-02,  1.272640415008901e+00,  4.643652934204328e-01,  2.482050991712068e-01
  5.095833333333333e+00,  2.479542394130357e-01,  2.463290210868374e-02, -8.067269141367837e-02,  1.268789339394423e+00,  4.686497548498068e-01,  2.487574666696755e-01
  5.100000000000001e+00,  2.460870299468632e-01,  2.475129597691561e-02, -8.020132393231588e-02,  1.264843484851646e+00,  4.727343597973553e-01,  2.492241599529170e-01
  5.104166666666667e+00,  2.441499548695946e-01,  2.483335894506045e-02, -7.972309200104505e-02,  1.260804849277966e+00,  4.766310755187083e-01,  2.496190837568346e-01
  5.108333333333333e+00,  2.421450082135838e-01,  2.488365088327060e-02, -7.924051935724352e-02,  1.256676850710640e+00,  4.803452966339750e-01,  2.499442347981093e-01
  5.112500000000001e+00,  2.400743160923737e-01,  2.490523821083612e-02, -7.875571877882835e-02,  1.252462500076890e+00,  4.838845225246519e-01,  2.502054583800050e-01
  5.116666666666667e+00,  2.379400210004725e-01,  2.490150947209280e-02, -7.827067686997463e-02,  1.248164890762567e+00,  4.872560286830615e-01,  2.504083991255397e-01
  5.120833333333334e+00,  2.357443117197743e-01,  2.487613378659836e-02, -7.778722338956764e-02,  1.243787222980264e+00,  4.904667546454988e-01,  2.505584396853034e-01
  5.125000000000000e+00,  2.334894446083587e-01,  2.483300196540705e-02, -7.730700594642675e-02,  1.239332818504560e+00,  4.935232071232110e-01,  2.506606528147266e-01
  5.129166666666666e+00,  2.311777098537760e-01,  2.477446673340755e-02, -7.683114459140172e-02,  1.234804762914988e+00,  4.964325961720751e-01,  2.507223134883712e-01
  5.133333333333334e+00,  2.288116027234209e-01,  2.470809160613752e-02, -7.636152587609948e-02,  1.230207366906501e+00,  4.991978740757786e-01,  2.507425358724008e-01
  5.137500000000000e+00,  2.263936164563779e-01,  2.463633304467483e-02, -7.589881045853096e-02,  1.225543935100318e+00,  5.018252944414265e-01,  2.507280396749546e-01
  5.141666666666667e+00,  2.239263593000133e-01,  2.456336083910049e-02, -7.544372366416012e-02,  1.220818239791869e+00,  5.043192862663763e-01,  2.506824779753153e-01
  5.145833333333334e+00,  2.214125256448463e-01,  2.449330170822872e-02, -7.499670335092344e-02,  1.216034121544334e+00,  5.066838174707831e-01,  2.506091707296852e-01
  5.150000000000000e+00,  2.188548824095490e-01,  2.443020998302670e-02, -7.455788485763107e-02,  1.211195462827240e+00,  5.089224481771109e-01,  2.505111331606888e-01
  5.154166666666667e+00,  2.162562516642079e-01,  2.437804193528637e-02, -7.412709661550734e-02,  1.206306159940393e+00,  5.110383882839076e-01,  2.503911111889315e-01
  5.158333333333333e+00,  2.136194921998902e-01,  2.434062785953262e-02, -7.370386252676153e-02,  1.201370093080879e+00,  5.130345572499553e-01,  2.502516198556246e-01
  5.162500000000001e+00,  2.109474830153937e-01,  2.432164252524616e-02, -7.328740808091558e-02,  1.196391095924877e+00,  5.149136444501732e-01,  2.500949791895876e-01
  5.166666666666667e+00,  2.082431075031216e-01,  2.432458077023303e-02, -7.287666897425576e-02,  1.191372926166470e+00,  5.166781686174463e-01,  2.499233430713013e-01
  5.170833333333333e+00,  2.055092350116206e-01,  2.435274263326170e-02, -7.247029994950115e-02,  1.186319237067841e+00,  5.183305359357419e-01,  2.497387206705296e-01
  5.175000000000001e+00,  2.027486995887363e-01,  2.440922346057417e-02, -7.206668173005701e-02,  1.181233549516064e+00,  5.198730965388974e-01,  2.495429941309621e-01
  5.179166666666667e+00,  1.999642788955839e-01,  2.449690192319909e-02, -7.166392771137939e-02,  1.176119225251003e+00,  5.213081978257549e-01,  2.493379369005946e-01
  5.183333333333334e+00,  1.971586755772002e-01,  2.461842571006012e-02, -7.125989417425567e-02,  1.170979443385873e+00,  5.226382314606018e-01,  2.491252336219918e-01
  5.187500000000000e+00,  1.943345012586140e-01,  2.477620008645287e-02, -7.085219532104801e-02,  1.165817182408039e+00,  5.238656709319554e-01,  2.489064983406989e-01
  5.191666666666666e+00,  1.914942632255050e-01,  2.497238138703040e-02, -7.043822129602609e-02,  1.160635208312675e+00,  5.249930987118604e-01,  2.486832877055787e-01
  5.195833333333334e+00,  1.886403552552476e-01,  2.520887170753872e-02, -7.001515679663176e-02,  1.155436068291446e+00,  5.260232242614785e-01,  2.484571091194220e-01
  5.200000000000000e+00,  1.857750547380996e-01,  2.548731092880940e-02, -6.957999865488720e-02,  1.150222090089788e+00,  5.269588942407414e-01,  2.482294257363812e-01
  5.204166666666667e+00,  1.829005270698867e-01,  2.580906620066359e-02, -6.912957160553924e-02,  1.144995388290483e+00,  5.278030955140623e-01,  2.480016596160069e-01
  5.208333333333334e+00,  1.800188350561621e-01,  2.617522189387000e-02, -6.866054326012179e-02,  1.139757878016146e+00,  5.285589512903773e-01,  2.477751934560904e-01
  5.212500000000000e+00,  1.771319477340178e-01,  2.658657471186632e-02, -6.816944084569107e-02,  1.134511294594124e+00,  5.292297105926153e-01,  2.475513708652744e-01
  5.216666666666667e+00,  1.742417437417174e-01,  2.704363807344601e-02, -6.765267089179786e-02,  1.129257216758470e+00,  5.298187316350821e-01,  2.473314944923998e-01
  5.220833333333333e+00,  1.713500097882509e-01,  2.754665357036323e-02, -6.710654062470940e-02,  1.123997091460902e+00,  5.303294607464193e-01,  2.471168210743944e-01
  5.225000000000001e+00,  1.684584395331043e-01,  2.809559969590758e-02, -6.652728021038332e-02,  1.118732259438512e+00,  5.307654086873886e-01,  2.469085536683029e-01
  5.229166666666667e+00,  1.655686370244115e-01,  2.869018995913897e-02, -6.591106650081890e-02,  1.113463981235910e+00,  5.311301260242881e-01,  2.467078326673735e-01
  5.233333333333333e+00,  1.626821230577288e-01,  2.932986444873942e-02, -6.525404797869941e-02,  1.108193462824291e+00,  5.314271808824073e-01,  2.465157263324297e-01
  5.237500000000001e+00,  1.598003396448226e-01,  3.001378614866779e-02, -6.455236941216760e-02,  1.102921879483149e+00,  5.316601430100873e-01,  2.463332203440895e-01
  5.241666666666667e+00,  1.569246512818614e-01,  3.074084651171316e-02, -6.380219629803302e-02,  1.097650397689476e+00,  5.318325727662327e-01,  2.461612074200605e-01
  5.245833333333334e+00,  1.540563458574235e-01,  3.150967517561365e-02, -6.299974064579378e-02,  1.092380195840577e+00,  5.319480085552682e-01,  2.460004796873605e-01
  5.250000000000000e+00,  1.511966364619149e-01,  3.231864986512534e-02, -6.214128835290787e-02,  1.087112483543963e+00,  5.320099503977279e-01,  2.458517248067796e-01
  5.254166666666667e+00,  1.483466623911220e-01,  3.316590898362737e-02, -6.122322665395322e-02,  1.081848517418886e+00,  5.320218446078063e-01,  2.457155247054058e-01
  5.258333333333334e+00,  1.455074890311752e-01,  3.404936860277408e-02, -6.024207058471766e-02,  1.076589611639791e+00,  5.319870745527931e-01,  2.455923563459860e-01
  5.262500000000000e+00,  1.426801082316028e-01,  3.496673995338995e-02, -5.919448937176271e-02,  1.071337143566333e+00,  5.319089575362113e-01,  2.454825951067948e-01
  5.266666666666667e+00,  1.398654387895826e-01,  3.591554335265013e-02, -5.807733476469832e-02,  1.066092556358415e+00,  5.317907454559596e-01,  2.453865208534687e-01
  5.270833333333334e+00,  1.370643238317285e-01,  3.689312026209235e-02, -5.688767220243747e-02,  1.060857359797065e+00,  5.316356283270423e-01,  2.453043258929600e-01
  5.275000000000000e+00,  1.342775223402381e-01,  3.789664979506480e-02, -5.562281311775015e-02,  1.055633128737795e+00,  5.314467414848505e-01,  2.452361238303654e-01
  5.279166666666667e+00,  1.315056961585421e-01,  3.892317420811398e-02, -5.428034519725305e-02,  1.050421498387799e+00,  5.312271766877670e-01,  2.451819583563520e-01
  5.283333333333333e+00,  1.287493981271245e-01,  3.996963092327555e-02, -5.285815866106582e-02,  1.045224157046983e+00,  5.309799954595066e-01,  2.451418111168538e-01
  5.287500000000000e+00,  1.260090666775422e-01,  4.103288417079032e-02, -5.135446848693970e-02,  1.040042837659841e+00,  5.307082423546768e-01,  2.451156083079732e-01
  5.291666666666667e+00,  1.232850275751189e-01,  4.210975218905810e-02, -4.976783221232938e-02,  1.034879308985330e+00,  5.304149567908202e-01,  2.451032261080990e-01
  5.295833333333333e+00,  1.205775001438530e-01,  4.319703111570572e-02, -4.809716240834468e-02,  1.029735366864349e+00,  5.301031829390610e-01,  2.451044952695073e-01
  5.300000000000001e+00,  1.178866057858976e-01,  4.429151800179643e-02, -4.634173479683149e-02,  1.024612826247322e+00,  5.297759768908129e-01,  2.451192050391462e-01
  5.304166666666667e+00,  1.152123790325838e-01,  4.539003273197562e-02, -4.450119471523740e-02,  1.019513514817886e+00,  5.294364099184443e-01,  2.451471061969086e-01
  5.308333333333334e+00,  1.125547832524806e-01,  4.648943539915740e-02, -4.257556378124314e-02,  1.014439269034544e+00,  5.290875669673709e-01,  2.451879131419260e-01
  5.312500000000000e+00,  1.099137315659865e-01,  4.758663646565631e-02, -4.056524721533840e-02,  1.009391932687950e+00,  5.287325403338833e-01,  2.452413052633451e-01
  5.316666666666666e+00,  1.072891086235138e-01,  4.867860318020423e-02, -3.847104151787575e-02,  1.004373356703411e+00,  5.283744198117618e-01,  2.453069269786857e-01
  5.320833333333334e+00,  1.046807872977728e-01,  4.976236942251511e-02, -3.629414084189176e-02,  9.993853985829400e-01,  5.280162814747241e-01,  2.453843848218726e-01
  5.325000000000000e+00,  1.020886397211160e-01,  5.083505050832926e-02, -3.403613893095192e-02,  9.944299211146078e-01,  5.276611761183122e-01,  2.454732411461988e-01
  5.329166666666667e+00,  9.951254806360610e-02,  5.189385646837730e-02, -3.169902434529157e-02,  9.895087911505390e-01,  5.273121164545189e-01,  2.455730065747544e-01
  5.333333333333334e+00,  9.695241977244931e-02,  5.293609824910361e-02, -2.928516990805191e-02,  9.846238792925244e-01,  5.269720620717838e-01,  2.456831340331271e-01
  5.337500000000000e+00,  9.440820628111611e-02,  5.395918992200377e-02, -2.679731897296847e-02,  9.797770607524681e-01,  5.266439027098778e-01,  2.458030151540384e-01
  5.341666666666667e+00,  9.187992021489484e-02,  5.496065508576176e-02, -2.423856924586436e-02,  9.749702171848744e-01,  5.263304413322398e-01,  2.459319775440761e-01
  5.345833333333333e+00,  8.936764771415739e-02,  5.593814101208272e-02, -2.161235289806991e-02,  9.702052390859204e-01,  5.260343782206667e-01,  2.460692810641085e-01
  5.350000000000000e+00,  8.687155790142428e-02,  5.688943465329266e-02, -1.892241251530536e-02,  9.654840281773607e-01,  5.257582966959795e-01,  2.462141129897898e-01
  5.354166666666667e+00,  8.439191462944062e-02,  5.781247126060274e-02, -1.617277432108111e-02,  9.608084990243773e-01,  5.255046505306749e-01,  2.463655839723491e-01
  5.358333333333333e+00,  8.192909153763049e-02,  5.870533486797158e-02, -1.336772062186960e-02,  9.561805790910716e-01,  5.252757530392056e-01,  2.465227262136465e-01
  5.362500000000001e+00,  7.948358471948229e-02,  5.956626117722497e-02, -1.051176268604652e-02,  9.516022067375006e-01,  5.250737681331356e-01,  2.466844926432983e-01
  5.366666666666667e+00,  7.705601786183040e-02,  6.039365177369760e-02, -7.609614277291841e-03,  9.470753274953677e-01,  5.249007039014199e-01,  2.468497557676830e-01
  5.370833333333334e+00,  7.464704153010548e-02,  6.118607343918558e-02, -4.666248759832429e-03,  9.426020716303937e-01,  5.247586489410950e-01,  2.470177065592090e-01
  5.375000000000000e+00,  7.225776144171628e-02,  6.194232818829271e-02, -1.686534654478387e-03,  9.381840182781589e-01,  5.246487983228144e-01,  2.471862395939282e-01
  5.379166666666666e+00,  6.988908742928501e-02,  6.266138038399394e-02,  1.324294788911432e-03,  9.338232934349182e-01,  5.245729452292635e-01,  2.473544202946169e-01
  5.383333333333334e+00,  6.754220446323395e-02,  6.334235625991380e-02,  4.361007121986703e-03,  9.295218237021315e-01,  5.245324772148051e-01,  2.475208341215306e-01
  5.387500000000000e+00,  6.521845593717303e-02,  6.398453273687732e-02,  7.418314835775375e-03,  9.252815123463305e-01,  5.245286380192228e-01,  2.476840164339775e-01
  5.391666666666667e+00,  6.291933076461209e-02,  6.458734052149140e-02,  1.049089642211929e-02,  9.211042270613510e-01,  5.245625330089017e-01,  2.478424620144027e-01
  5.395833333333334e+00,  6.064644498886822e-02,  6.515037401578572e-02,  1.357341176527908e-02,  9.169917870674043e-01,  5.246351350803776e-01,  2.479946344074645e-01
  5.400000000000000e+00,  5.840153034212651e-02,  6.567339275375406e-02,  1.666051166209580e-02,  9.129459525695239e-01,  5.247472895517756e-01,  2.481389768582692e-01
  5.404166666666667e+00,  5.618643654465533e-02,  6.615630601906131e-02,  1.974684144841019e-02,  9.089684182728958e-01,  5.248997174161961e-01,  2.482739249485292e-01
  5.408333333333333e+00,  5.400314214899976e-02,  6.659914579339365e-02,  2.282704331489389e-02,  9.050608102636528e-01,  5.250930172548436e-01,  2.483979192926229e-01
  5.412500000000000e+00,  5.185376057676364e-02,  6.700204183774838e-02,  2.589576571569331e-02,  9.012246834802463e-01,  5.253276664709635e-01,  2.485094162844345e-01
  5.416666666666667e+00,  4.974053022134548e-02,  6.736521040143062e-02,  2.894768381356853e-02,  8.974615167986684e-01,  5.256040226586449e-01,  2.486068957024674e-01
