Main.Studies.MarkerTracking.t,Main.Studies.MarkerTracking.JointAngleOutputs.OutputFile_RightLeg.HipFlexion,Main.Studies.MarkerTracking.JointAngleOutputs.OutputFile_RightLeg.HipAbduction,Main.Studies.MarkerTracking.JointAngleOutputs.OutputFile_RightLeg.HipExternalRotation,Main.Studies.MarkerTracking.JointAngleOutputs.OutputFile_RightLeg.KneeFlexion,Main.Studies.MarkerTracking.JointAngleOutputs.OutputFile_RightLeg.AnklePlantarFlexion,Main.Studies.MarkerTracking.JointAngleOutputs.OutputFile_RightLeg.SubTalarEversion
  3.333333333333333e+00,  6.482433164063665e-01,  2.470484237233039e-01,  5.191636883508438e-02,  7.337955918124424e-01, -3.275870333928988e-01,  2.495045175187391e-01
  3.337500000000000e+00,  6.480770946387594e-01,  2.479644010046322e-01,  5.214662839557654e-02,  7.348954191592426e-01, -3.279840323048591e-01,  2.507978937808007e-01
  3.341666666666667e+00,  6.479184838601653e-01,  2.488858632835200e-01,  5.225578611462584e-02,  7.360380316659104e-01, -3.283829190800542e-01,  2.521216178769324e-01
  3.345833333333334e+00,  6.477665737555062e-01,  2.498104654317475e-01,  5.224110853292976e-02,  7.372183819280369e-01, -3.287828863525012e-01,  2.534745516039619e-01
  3.350000000000000e+00,  6.476203269163653e-01,  2.507361888168926e-01,  5.210048516915462e-02,  7.384311530885771e-01, -3.291833015681193e-01,  2.548552178049868e-01
  3.354166666666667e+00,  6.474785489890659e-01,  2.516613468569158e-01,  5.183245172871231e-02,  7.396707751801054e-01, -3.295837241945375e-01,  2.562617840124759e-01
  3.358333333333333e+00,  6.473398614135744e-01,  2.525845864951739e-01,  5.143621032491922e-02,  7.409314418179287e-01, -3.299839187044807e-01,  2.576920528317914e-01
  3.362500000000000e+00,  6.472026866149003e-01,  2.535049085189991e-01,  5.091165887544014e-02,  7.422071348293736e-01, -3.303838655417172e-01,  2.591434482490058e-01
  3.366666666666667e+00,  6.470652516340601e-01,  2.544217118625176e-01,  5.025942740559870e-02,  7.434916584854135e-01, -3.307837703699347e-01,  2.606129958133345e-01
  3.370833333333334e+00,  6.469256128205333e-01,  2.553348467537047e-01,  4.948090658337326e-02,  7.447786814067590e-01, -3.311840716804021e-01,  2.620973050197543e-01
  3.375000000000000e+00,  6.467816919475602e-01,  2.562446559601159e-01,  4.857826240613178e-02,  7.460617798380672e-01, -3.315854470463825e-01,  2.635925647711513e-01
  3.379166666666667e+00,  6.466313070040078e-01,  2.571520000820908e-01,  4.755445095416688e-02,  7.473344764501820e-01, -3.319888185519164e-01,  2.650945532307473e-01
  3.383333333333333e+00,  6.464721812054877e-01,  2.580582764365058e-01,  4.641325255428161e-02,  7.485902690091238e-01, -3.323953551390419e-01,  2.665986551673201e-01
  3.387500000000000e+00,  6.463019760867199e-01,  2.589654435799802e-01,  4.515930903548875e-02,  7.498226782025765e-01, -3.328064791284356e-01,  2.680998736009438e-01
  3.391666666666667e+00,  6.461182370827746e-01,  2.598759813758380e-01,  4.379816610767105e-02,  7.510252373883625e-01, -3.332238466713940e-01,  2.695928745829779e-01
  3.395833333333333e+00,  6.459183918514909e-01,  2.607927748221459e-01,  4.233624407119359e-02,  7.521915095248065e-01, -3.336493310290084e-01,  2.710720603311839e-01
  3.400000000000000e+00,  6.456997022508449e-01,  2.617188698749191e-01,  4.078074783515466e-02,  7.533150630609644e-01, -3.340849833339762e-01,  2.725317052932351e-01
  3.404166666666667e+00,  6.454592369474719e-01,  2.626571592190883e-01,  3.913951882579957e-02,  7.543894500172769e-01, -3.345329842352389e-01,  2.739661268220528e-01
  3.408333333333334e+00,  6.451938808168012e-01,  2.636100823247889e-01,  3.742087324206751e-02,  7.554082025061091e-01, -3.349955917979377e-01,  2.753698523725232e-01
  3.412500000000000e+00,  6.449003823973005e-01,  2.645794116744860e-01,  3.563347325330527e-02,  7.563648580606646e-01, -3.354750912578094e-01,  2.767377494115223e-01
  3.416666666666667e+00,  6.445754240696231e-01,  2.655661512566052e-01,  3.378625884316454e-02,  7.572530111249099e-01, -3.359737488605651e-01,  2.780651041984847e-01
  3.420833333333333e+00,  6.442156991939810e-01,  2.665705408971357e-01,  3.188844762982496e-02,  7.580663828924759e-01, -3.364937707015264e-01,  2.793476503496278e-01
  3.425000000000000e+00,  6.438179900529508e-01,  2.675921593857491e-01,  2.994960191915307e-02,  7.587989049201592e-01, -3.370372689182434e-01,  2.805815496757125e-01
  3.429166666666667e+00,  6.433792466222001e-01,  2.686301201435104e-01,  2.797975433213321e-02,  7.594448137630621e-01, -3.376062373156983e-01,  2.817633285446439e-01
  3.433333333333334e+00,  6.428966583193546e-01,  2.696833202124456e-01,  2.598956113368353e-02,  7.599987463793592e-01, -3.382025338143523e-01,  2.828897877330210e-01
  3.437500000000000e+00,  6.423676985276202e-01,  2.707506655010441e-01,  2.399043251377853e-02,  7.604558180928621e-01, -3.388278628231842e-01,  2.839579199501380e-01
  3.441666666666667e+00,  6.417901320404904e-01,  2.718312109753833e-01,  2.199459525122528e-02,  7.608116724856523e-01, -3.394837520362697e-01,  2.849648614488461e-01
  3.445833333333333e+00,  6.411620081576457e-01,  2.729242146831263e-01,  2.001506862799571e-02,  7.610625115994049e-01, -3.401715228183919e-01,  2.859078768812257e-01
  3.450000000000000e+00,  6.404816831772561e-01,  2.740291495340830e-01,  1.806556164192934e-02,  7.612051289051105e-01, -3.408922592307523e-01,  2.867843551309479e-01
  3.454166666666667e+00,  6.397478153712217e-01,  2.751456907136820e-01,  1.616034440079103e-02,  7.612369138646291e-01, -3.416467637374380e-01,  2.875918138530612e-01
  3.458333333333333e+00,  6.389594529203394e-01,  2.762737370597845e-01,  1.431409452323084e-02,  7.611559118827067e-01, -3.424355407298994e-01,  2.883278674186343e-01
  3.462500000000000e+00,  6.381159962188684e-01,  2.774133914315278e-01,  1.254178136838515e-02,  7.609608110028862e-01, -3.432587566083480e-01,  2.889902165939262e-01
  3.466666666666667e+00,  6.372171873814635e-01,  2.785649361606812e-01,  1.085853314536599e-02,  7.606509474679732e-01, -3.441162138318704e-01,  2.895766285978902e-01
  3.470833333333334e+00,  6.362630795480085e-01,  2.797287874489707e-01,  9.279492160591409e-03,  7.602262982431465e-01, -3.450073232063381e-01,  2.900849252296447e-01
  3.475000000000000e+00,  6.352540036571593e-01,  2.809054460287801e-01,  7.819663051853977e-03,  7.596874709588519e-01, -3.459310787887748e-01,  2.905129721212444e-01
  3.479166666666667e+00,  6.341905348322626e-01,  2.820954503634570e-01,  6.493764675229794e-03,  7.590356926263643e-01, -3.468860377037277e-01,  2.908586679128211e-01
  3.483333333333333e+00,  6.330734565200599e-01,  2.832993249361648e-01,  5.316088560838372e-03,  7.582727954269144e-01, -3.478703065826049e-01,  2.911199387610060e-01
  3.487500000000000e+00,  6.319037172633258e-01,  2.845175179722921e-01,  4.300365781372411e-03,  7.574011968946166e-01, -3.488815363259089e-01,  2.912947422832052e-01
  3.491666666666667e+00,  6.306823792847196e-01,  2.857503389976694e-01,  3.459647870477480e-03,  7.564238754271674e-01, -3.499169279232423e-01,  2.913810763103577e-01
  3.495833333333334e+00,  6.294105707363229e-01,  2.869979163931125e-01,  2.806204289446907e-03,  7.553443479606602e-01, -3.509732523466673e-01,  2.913769825107627e-01
  3.500000000000000e+00,  6.280894630910864e-01,  2.882601918288090e-01,  2.351433571003570e-03,  7.541666595147946e-01, -3.520468859230875e-01,  2.912805362643469e-01
  3.504166666666667e+00,  6.267202878883730e-01,  2.895369615407801e-01,  2.105791719654115e-03,  7.528953902735014e-01, -3.531338600629809e-01,  2.910898174329279e-01
  3.508333333333333e+00,  6.253043821476455e-01,  2.908279631210640e-01,  2.078753972940559e-03,  7.515356751527921e-01, -3.542299222102208e-01,  2.908028628423167e-01
  3.512500000000000e+00,  6.238432308317087e-01,  2.921329855187156e-01,  2.278821312302588e-03,  7.500932210348920e-01, -3.553306038953809e-01,  2.904176130465462e-01
  3.516666666666667e+00,  6.223384805100494e-01,  2.934519637666533e-01,  2.713558634863123e-03,  7.485743076078165e-01, -3.564312917306323e-01,  2.899318753401624e-01
  3.520833333333333e+00,  6.207919220588266e-01,  2.947850291761733e-01,  3.389637095019726e-03,  7.469857679133400e-01, -3.575272981445479e-01,  2.893433208969982e-01
  3.525000000000000e+00,  6.192054521279854e-01,  2.961325106387411e-01,  4.312866388042414e-03,  7.453349526165780e-01, -3.586139302291653e-01,  2.886495203467226e-01
  3.529166666666667e+00,  6.175810122701093e-01,  2.974948862818985e-01,  5.488218846955351e-03,  7.436296792794311e-01, -3.596865551532464e-01,  2.878480169584282e-01
  3.533333333333334e+00,  6.159204971239746e-01,  2.988726698661788e-01,  6.919842890836429e-03,  7.418781629527446e-01, -3.607406587200553e-01,  2.869364401900344e-01
  3.537500000000000e+00,  6.142256531579661e-01,  3.002662530365481e-01,  8.611064769834387e-03,  7.400889371050197e-01, -3.617718948723238e-01,  2.859126436543177e-01
  3.541666666666667e+00,  6.124980303837839e-01,  3.016758126961365e-01,  1.056440912293884e-02,  7.382707973623921e-01, -3.627761303525486e-01,  2.847748106230005e-01
  3.545833333333333e+00,  6.107390128157418e-01,  3.031013829140576e-01,  1.278168691454475e-02,  7.364327855070083e-01, -3.637494878437535e-01,  2.835214772773824e-01
  3.550000000000000e+00,  6.089499541641077e-01,  3.045430718983024e-01,  1.526412974774328e-02,  7.345842421295000e-01, -3.646884072906618e-01,  2.821514680805368e-01
  3.554166666666667e+00,  6.071321719409015e-01,  3.060012054790466e-01,  1.801255007474127e-02,  7.327347710958573e-01, -3.655896654453877e-01,  2.806638716474478e-01
  3.558333333333334e+00,  6.052869986245537e-01,  3.074763659701474e-01,  2.102739846208587e-02,  7.308942425007384e-01, -3.664504123755360e-01,  2.790580388179411e-01
  3.562500000000000e+00,  6.034157338320078e-01,  3.089692624307361e-01,  2.430874289584494e-02,  7.290727239835851e-01, -3.672681726635894e-01,  2.773336638353274e-01
  3.566666666666667e+00,  6.015195935436156e-01,  3.104805267412203e-01,  2.785618224273814e-02,  7.272804027843764e-01, -3.680408361133268e-01,  2.754908969446471e-01
  3.570833333333333e+00,  5.995996716588322e-01,  3.120105233637058e-01,  3.166874716695268e-02,  7.255275124943723e-01, -3.687666437974958e-01,  2.735304501379884e-01
  3.575000000000000e+00,  5.976569296374648e-01,  3.135592436725920e-01,  3.574483077733643e-02,  7.238242792528777e-01, -3.694441775243174e-01,  2.714536635471572e-01
  3.579166666666667e+00,  5.956922141520034e-01,  3.151263025390945e-01,  4.008216214225511e-02,  7.221808895334589e-01, -3.700723565882167e-01,  2.692625251375574e-01
  3.583333333333333e+00,  5.937062897318529e-01,  3.167109994685966e-01,  4.467780327538863e-02,  7.206074698461482e-01, -3.706504415414373e-01,  2.669596625263045e-01
  3.587500000000000e+00,  5.916998715591385e-01,  3.183123854155734e-01,  4.952813603665129e-02,  7.191140647722524e-01, -3.711780432358580e-01,  2.645483356669996e-01
  3.591666666666667e+00,  5.896736509106996e-01,  3.199292958360016e-01,  5.462881629820664e-02,  7.177106044026169e-01, -3.716551363807027e-01,  2.620324496550398e-01
  3.595833333333334e+00,  5.876283141464008e-01,  3.215603440517827e-01,  5.997469353826658e-02,  7.164068600421954e-01, -3.720820783116273e-01,  2.594165904385837e-01
  3.600000000000000e+00,  5.855645573360998e-01,  3.232038889156510e-01,  6.555970908883585e-02,  7.152123909119408e-01, -3.724596339164600e-01,  2.567060760198272e-01
  3.604166666666667e+00,  5.834830922224676e-01,  3.248579932207492e-01,  7.137679433236238e-02,  7.141364829074834e-01, -3.727890068538292e-01,  2.539070132492460e-01
  3.608333333333333e+00,  5.813846358962581e-01,  3.265203846037756e-01,  7.741779147187484e-02,  7.131880782027293e-01, -3.730718756606746e-01,  2.510263502700461e-01
  3.612500000000000e+00,  5.792698838250071e-01,  3.281884240589719e-01,  8.367340959060424e-02,  7.123756952240506e-01, -3.733104308683181e-01,  2.480719161032190e-01
  3.616666666666667e+00,  5.771394891672227e-01,  3.298590895212119e-01,  9.013321247308259e-02,  7.117073509378047e-01, -3.735074123269230e-01,  2.450524370058371e-01
  3.620833333333334e+00,  5.749939783090395e-01,  3.315289559650376e-01,  9.678566221933442e-02,  7.111904308266688e-01, -3.736661163436419e-01,  2.419775449497719e-01
  3.625000000000000e+00,  5.728338071729613e-01,  3.331942651121083e-01,  1.036181729427439e-01,  7.108316605571532e-01, -3.737904415687130e-01,  2.388577083101536e-01
  3.629166666666667e+00,  5.706592821775065e-01,  3.348509850772112e-01,  1.106172526666234e-01,  7.106369807988817e-01, -3.738848804955286e-01,  2.357041622959331e-01
  3.633333333333333e+00,  5.684705485791014e-01,  3.364949172629248e-01,  1.177686643474747e-01,  7.106114761749369e-01, -3.739545224070227e-01,  2.325287852292297e-01
  3.637500000000000e+00,  5.662675591009004e-01,  3.381218016287892e-01,  1.250576166554822e-01,  7.107592960585136e-01, -3.740050346690103e-01,  2.293439550631818e-01
  3.641666666666667e+00,  5.640500366313222e-01,  3.397274148755143e-01,  1.324689672777093e-01,  7.110835804262496e-01, -3.740426267089260e-01,  2.261623925816291e-01
  3.645833333333333e+00,  5.618174300849406e-01,  3.413076228489504e-01,  1.399874021468508e-01,  7.115863886524781e-01, -3.740739971124168e-01,  2.229970173253225e-01
  3.650000000000000e+00,  5.595688661973968e-01,  3.428583255124285e-01,  1.475975372868211e-01,  7.122686261745418e-01, -3.741062638758418e-01,  2.198608499187366e-01
  3.654166666666667e+00,  5.573031052191598e-01,  3.443752863329390e-01,  1.552839319339501e-01,  7.131299732619386e-01, -3.741468810951000e-01,  2.167669650394775e-01
  3.658333333333334e+00,  5.550185109176838e-01,  3.458539332734125e-01,  1.630310722355400e-01,  7.141688350569718e-01, -3.742035507649470e-01,  2.137284549494803e-01
  3.662500000000000e+00,  5.527130421852031e-01,  3.472892428811831e-01,  1.708233994582729e-01,  7.153823334193609e-01, -3.742841385783018e-01,  2.107583572174166e-01
  3.666666666666667e+00,  5.503842656676776e-01,  3.486757524808870e-01,  1.786454068465041e-01,  7.167663464307625e-01, -3.743965973553781e-01,  2.078695347641428e-01
  3.670833333333333e+00,  5.480293789754002e-01,  3.500076702781350e-01,  1.864817816252899e-01,  7.183155857349786e-01, -3.745488974214051e-01,  2.050745285875640e-01
  3.675000000000000e+00,  5.456452299165954e-01,  3.512790226781650e-01,  1.943175548908867e-01,  7.200236958428061e-01, -3.747489627347721e-01,  2.023854114946184e-01
  3.679166666666667e+00,  5.432283244934318e-01,  3.524837849875624e-01,  2.021382255293786e-01,  7.218833620908137e-01, -3.750046126489207e-01,  1.998136644819872e-01
  3.683333333333334e+00,  5.407748269431210e-01,  3.536159688380989e-01,  2.099298362863550e-01,  7.238864195884034e-01, -3.753235098510531e-01,  1.973700862651197e-01
  3.687500000000000e+00,  5.382805575578484e-01,  3.546696715634865e-01,  2.176790007064159e-01,  7.260239599669013e-01, -3.757131149489745e-01,  1.950647351189075e-01
  3.691666666666667e+00,  5.357409900260884e-01,  3.556391085405586e-01,  2.253728959162360e-01,  7.282864345475213e-01, -3.761806474641226e-01,  1.929068958818422e-01
  3.695833333333333e+00,  5.331512480409323e-01,  3.565186455158011e-01,  2.329992391294364e-01,  7.306637530742702e-01, -3.767330516026074e-01,  1.909050642807921e-01
  3.700000000000000e+00,  5.305060699341848e-01,  3.573028318613256e-01,  2.405462688303383e-01,  7.331453541132101e-01, -3.773769536291238e-01,  1.890669486338236e-01
  3.704166666666667e+00,  5.277999474558919e-01,  3.579865070828978e-01,  2.480026964123944e-01,  7.357203965842669e-01, -3.781186697383577e-01,  1.873994309714362e-01
  3.708333333333333e+00,  5.250269791151272e-01,  3.585648250245679e-01,  2.553577252890402e-01,  7.383777313566608e-01, -3.789641259571290e-01,  1.859086076385262e-01
  3.712500000000000e+00,  5.221807275124873e-01,  3.590333485813373e-01,  2.626010075404602e-01,  7.411058839367755e-01, -3.799187967011365e-01,  1.845998101774400e-01
  3.716666666666667e+00,  5.192551036135821e-01,  3.593879093587247e-01,  2.697226311958481e-01,  7.438936336109895e-01, -3.809878809649598e-01,  1.834776884717671e-01
  3.720833333333334e+00,  5.162426110291325e-01,  3.596252899921928e-01,  2.767129942179285e-01,  7.467290696826059e-01, -3.821757499379666e-01,  1.825457176962325e-01
  3.725000000000000e+00,  5.131364776058643e-01,  3.597423987038695e-01,  2.835628850264388e-01,  7.496006996157809e-01, -3.834866294345182e-01,  1.818071477660151e-01
  3.729166666666667e+00,  5.099291751062779e-01,  3.597366642729001e-01,  2.902637639678247e-01,  7.524963664880536e-01, -3.849238920925203e-01,  1.812644722224595e-01
  3.733333333333333e+00,  5.066132675592001e-01,  3.596073513661040e-01,  2.968069991698705e-01,  7.554049541293274e-01, -3.864907254006534e-01,  1.809189933467483e-01
  3.737500000000000e+00,  5.031813243557334e-01,  3.593546852030742e-01,  3.031843950718615e-01,  7.583164093106268e-01, -3.881902555127852e-01,  1.807717208514220e-01
  3.741666666666667e+00,  4.996245658974646e-01,  3.589805752747957e-01,  3.093885717247287e-01,  7.612192937888878e-01, -3.900241673408638e-01,  1.808222944043588e-01
  3.745833333333334e+00,  4.959358478140282e-01,  3.584878233870981e-01,  3.154131175067241e-01,  7.641035885897990e-01, -3.919942312150845e-01,  1.810699005541127e-01
  3.750000000000000e+00,  4.921068147363358e-01,  3.578805061110211e-01,  3.212519589118167e-01,  7.669587389223064e-01, -3.941011795116880e-01,  1.815133403393949e-01
  3.754166666666667e+00,  4.881295702701547e-01,  3.571639325252116e-01,  3.268994499006149e-01,  7.697746678820661e-01, -3.963452262142902e-01,  1.821508678424809e-01
  3.758333333333333e+00,  4.839964621071554e-01,  3.563445437758554e-01,  3.323502701755637e-01,  7.725415653819001e-01, -3.987259404624410e-01,  1.829804067480027e-01
  3.762500000000000e+00,  4.797001091192958e-01,  3.554299988615468e-01,  3.375994880416320e-01,  7.752498730723646e-01, -4.012422135715822e-01,  1.839996167976596e-01
  3.766666666666667e+00,  4.752335501848252e-01,  3.544294120632314e-01,  3.426426995836024e-01,  7.778903477288691e-01, -4.038922670454143e-01,  1.852058846451006e-01
  3.770833333333333e+00,  4.705903545936583e-01,  3.533535924273441e-01,  3.474762140377020e-01,  7.804541132235968e-01, -4.066736557174427e-01,  1.865963117260163e-01
  3.775000000000000e+00,  4.657647369018632e-01,  3.522152246517800e-01,  3.520972310476876e-01,  7.829327046519331e-01, -4.095832737554637e-01,  1.881677206902422e-01
  3.779166666666667e+00,  4.607516743164843e-01,  3.510289524120227e-01,  3.565039820906106e-01,  7.853180951978368e-01, -4.126173620283162e-01,  1.899166962444163e-01
  3.783333333333334e+00,  4.555470213061006e-01,  3.498113557890401e-01,  3.606958262318943e-01,  7.876027032100512e-01, -4.157715168531357e-01,  1.918396627752627e-01
  3.787500000000000e+00,  4.501476162289497e-01,  3.485808320938852e-01,  3.646733051463342e-01,  7.897793829396718e-01, -4.190407001484708e-01,  1.939329915856373e-01
  3.791666666666667e+00,  4.445513760068112e-01,  3.473574005754854e-01,  3.684381761190149e-01,  7.918414054623288e-01, -4.224192504049304e-01,  1.961931227240625e-01
  3.795833333333333e+00,  4.387573730199627e-01,  3.461624569825648e-01,  3.719934487548517e-01,  7.937824359437127e-01, -4.259008947134127e-01,  1.986166827992032e-01
  3.800000000000000e+00,  4.327658853026104e-01,  3.450184988855070e-01,  3.753434457601735e-01,  7.955965109266308e-01, -4.294787637694956e-01,  2.012005849044579e-01
  3.804166666666667e+00,  4.265784114183095e-01,  3.439488285065564e-01,  3.784938951094096e-01,  7.972780163192303e-01, -4.331454119439326e-01,  2.039421061294261e-01
  3.808333333333334e+00,  4.201976436323210e-01,  3.429772254345580e-01,  3.814520486944967e-01,  7.988216636956085e-01, -4.368928430234660e-01,  2.068389448671350e-01
  3.812500000000000e+00,  4.136273941517027e-01,  3.421275748061863e-01,  3.842268139023100e-01,  8.002224598624279e-01, -4.407125408584601e-01,  2.098892625367322e-01
  3.816666666666667e+00,  4.068724721642328e-01,  3.414234388698345e-01,  3.868288782848301e-01,  8.014756642273216e-01, -4.445955032873656e-01,  2.130917150641027e-01
  3.820833333333334e+00,  3.999385162833899e-01,  3.408875690958111e-01,  3.892708045880028e-01,  8.025767313481056e-01, -4.485322764721403e-01,  2.164454793407778e-01
  3.825000000000000e+00,  3.928317924487444e-01,  3.405413702294675e-01,  3.915670765951211e-01,  8.035212402965093e-01, -4.525129857433896e-01,  2.199502769403776e-01
  3.829166666666667e+00,  3.855589664887839e-01,  3.404043427426444e-01,  3.937340850326697e-01,  8.043048153187751e-01, -4.565273597185217e-01,  2.236063916936447e-01
  3.833333333333333e+00,  3.781268572465273e-01,  3.404935393873680e-01,  3.957900535968271e-01,  8.049230431998070e-01, -4.605647465318239e-01,  2.274146734758993e-01
  3.837500000000000e+00,  3.705421764273948e-01,  3.408230735634592e-01,  3.977549144121604e-01,  8.053713934409656e-01, -4.646141226509455e-01,  2.313765201665941e-01
  3.841666666666667e+00,  3.628112643921704e-01,  3.414037154791392e-01,  3.996501472596865e-01,  8.056451483768499e-01, -4.686640950884170e-01,  2.354938308027816e-01
  3.845833333333334e+00,  3.549398342035082e-01,  3.422426077256575e-01,  4.014985962710079e-01,  8.057393506264929e-01, -4.727028975866160e-01,  2.397689240225950e-01
  3.850000000000000e+00,  3.469327404811301e-01,  3.433431234586084e-01,  4.033242720715356e-01,  8.056487749373932e-01, -4.767183816626948e-01,  2.442044191266829e-01
  3.854166666666667e+00,  3.387937935813121e-01,  3.447048766724972e-01,  4.051521398060984e-01,  8.053679306816286e-01, -4.806980046178619e-01,  2.488030828281883e-01
  3.858333333333333e+00,  3.305256361919940e-01,  3.463238766747507e-01,  4.070078894715469e-01,  8.048910978677914e-01, -4.846288173476506e-01,  2.535676497424080e-01
  3.862500000000000e+00,  3.221296854112241e-01,  3.481928044868576e-01,  4.089176904914211e-01,  8.042123924309273e-01, -4.884974530374461e-01,  2.585006260174544e-01
  3.866666666666667e+00,  3.136061285431859e-01,  3.503013850464631e-01,  4.109079460174627e-01,  8.033258508185902e-01, -4.922901154688952e-01,  2.636040831281109e-01
  3.870833333333334e+00,  3.049539614142156e-01,  3.526368357929581e-01,  4.130050696631847e-01,  8.022255270606372e-01, -4.959925674136280e-01,  2.688794452354850e-01
  3.875000000000000e+00,  2.961710714689542e-01,  3.551843761460851e-01,  4.152352995916487e-01,  8.009056036395015e-01, -4.995901245145897e-01,  2.743272732533104e-01
  3.879166666666667e+00,  2.872543716398656e-01,  3.579277658122406e-01,  4.176245502332665e-01,  7.993605156058051e-01, -5.030676607216804e-01,  2.799470555391761e-01
  3.883333333333334e+00,  2.781999794743323e-01,  3.608498132938529e-01,  4.201982887980784e-01,  7.975850750945472e-01, -5.064096263225090e-01,  2.857370244030291e-01
  3.887500000000000e+00,  2.690034295048788e-01,  3.639328028366453e-01,  4.229814196678909e-01,  7.955745811682056e-01, -5.096000774672768e-01,  2.916940153252008e-01
  3.891666666666667e+00,  2.596599132435686e-01,  3.671588356281090e-01,  4.259981709775614e-01,  7.933249144341550e-01, -5.126227202311741e-01,  2.978133689644888e-01
  3.895833333333333e+00,  2.501645422565265e-01,  3.705101079446043e-01,  4.292719893270254e-01,  7.908326242309697e-01, -5.154609734358810e-01,  3.040888655709283e-01
  3.900000000000000e+00,  2.405126154794782e-01,  3.739691207393434e-01,  4.328254410219126e-01,  7.880950042689183e-01, -5.180980474723148e-01,  3.105126912447043e-01
  3.904166666666667e+00,  2.306998654249938e-01,  3.775187887754861e-01,  4.366800999363660e-01,  7.851101423479070e-01, -5.205170308633553e-01,  3.170754476143749e-01
  3.908333333333334e+00,  2.207226803448601e-01,  3.811424473104337e-01,  4.408563956866294e-01,  7.818769428791824e-01, -5.227009806737263e-01,  3.237662099436459e-01
  3.912500000000000e+00,  2.105783247295963e-01,  3.848238050293249e-01,  4.453734120131680e-01,  7.783951404709077e-01, -5.246330194585419e-01,  3.305726207884561e-01
  3.916666666666667e+00,  2.002651703560755e-01,  3.885469018187293e-01,  4.502486570861502e-01,  7.746653209764902e-01, -5.262964393448659e-01,  3.374809969477058e-01
  3.920833333333333e+00,  1.897829173850969e-01,  3.922960977815337e-01,  4.554978488391923e-01,  7.706889481924150e-01, -5.276748068087084e-01,  3.444764326741919e-01
  3.925000000000000e+00,  1.791327750058954e-01,  3.960560796518773e-01,  4.611347384513065e-01,  7.664683840510597e-01, -5.287520610221204e-01,  3.515428972551796e-01
  3.929166666666667e+00,  1.683175968951185e-01,  3.998118486963813e-01,  4.671709422972629e-01,  7.620068961069765e-01, -5.295126054473799e-01,  3.586633410316449e-01
  3.933333333333334e+00,  1.573419972869230e-01,  4.035486742628080e-01,  4.736157309877027e-01,  7.573086602802829e-01, -5.299413977769862e-01,  3.658198235187894e-01
  3.937500000000000e+00,  1.462117209411594e-01,  4.072571299492598e-01,  4.804780015552274e-01,  7.523805099121029e-01, -5.300296330573990e-01,  3.729826606011301e-01
  3.941666666666667e+00,  1.349366555336619e-01,  4.109133672628886e-01,  4.877578224688184e-01,  7.472253262605022e-01, -5.297535827516984e-01,  3.801526214367803e-01
  3.945833333333334e+00,  1.235267731553097e-01,  4.145079434884309e-01,  4.954575536678311e-01,  7.418516663846340e-01, -5.291050589266572e-01,  3.873005881106469e-01
  3.950000000000000e+00,  1.119948605918005e-01,  4.180271876721207e-01,  5.035746914172210e-01,  7.362676484957138e-01, -5.280721428765104e-01,  3.944064362166243e-01
  3.954166666666667e+00,  1.003559245619444e-01,  4.214577433698521e-01,  5.121032486163291e-01,  7.304824624227060e-01, -5.266438671111690e-01,  4.014499050973365e-01
  3.958333333333333e+00,  8.862721865658389e-02,  4.247865898212362e-01,  5.210335469697472e-01,  7.245063971896655e-01, -5.248102598721527e-01,  4.084107866210929e-01
  3.962500000000000e+00,  7.682823263607819e-02,  4.280011418752678e-01,  5.303520804538964e-01,  7.183508773086580e-01, -5.225623800616267e-01,  4.152690953520169e-01
  3.966666666666667e+00,  6.498067516569300e-02,  4.310870540894256e-01,  5.400389116839047e-01,  7.120270689301255e-01, -5.198866264223863e-01,  4.220138090529458e-01
  3.970833333333334e+00,  5.310810151277856e-02,  4.340374442781791e-01,  5.500774668753076e-01,  7.055513414104643e-01, -5.167866197499903e-01,  4.286101458250515e-01
  3.975000000000000e+00,  4.123609029339241e-02,  4.368400377631616e-01,  5.604405519878267e-01,  6.989375038500102e-01, -5.132518314407605e-01,  4.350469483372389e-01
  3.979166666666667e+00,  2.939174584007088e-02,  4.394855972908720e-01,  5.710993917854480e-01,  6.922017324844905e-01, -5.092777067471230e-01,  4.413066143309462e-01
  3.983333333333333e+00,  1.760348375294885e-02,  4.419660138899648e-01,  5.820215607835260e-01,  6.853613531391136e-01, -5.048608691639824e-01,  4.473725345516697e-01
  3.987500000000000e+00,  5.900727026630290e-03,  4.442743853418494e-01,  5.931710908931475e-01,  6.784347953949559e-01, -4.999991632117036e-01,  4.532292573473403e-01
  3.991666666666667e+00, -5.686401840065776e-03,  4.464050897345286e-01,  6.045085909307080e-01,  6.714415415968668e-01, -4.946916986017677e-01,  4.588626539099172e-01
  3.995833333333334e+00, -1.712738664337914e-02,  4.483538613230817e-01,  6.159913863757330e-01,  6.644020733989696e-01, -4.889388944986096e-01,  4.642600760275621e-01
  4.000000000000000e+00, -2.839178874923113e-02,  4.501207732536259e-01,  6.275771495476263e-01,  6.573397105601828e-01, -4.827488781950290e-01,  4.694000360404709e-01
  4.004166666666666e+00, -3.944893332803515e-02,  4.516990449242597e-01,  6.392108390186453e-01,  6.502732291216444e-01, -4.761130509916109e-01,  4.742926788431892e-01
  4.008333333333334e+00, -5.026916109263415e-02,  4.530913470797244e-01,  6.508441320833643e-01,  6.432272738314292e-01, -4.690414239965525e-01,  4.789215270741776e-01
  4.012500000000000e+00, -6.082349921909543e-02,  4.542992283213028e-01,  6.624233422491590e-01,  6.362254725716386e-01, -4.615399247467873e-01,  4.832811647715341e-01
  4.016666666666667e+00, -7.108496273507467e-02,  4.553245511204098e-01,  6.738920471988151e-01,  6.292904868885666e-01, -4.536151423355048e-01,  4.873689950123028e-01
  4.020833333333334e+00, -8.102982387643429e-02,  4.561688603517333e-01,  6.851906134586496e-01,  6.224426271255321e-01, -4.452738344781264e-01,  4.911860446477753e-01
  4.025000000000000e+00, -9.062953451380687e-02,  4.568411213017132e-01,  6.962605745326521e-01,  6.157115502162533e-01, -4.365250761153421e-01,  4.947356646274995e-01
  4.029166666666667e+00, -9.986022129483822e-02,  4.573512906646990e-01,  7.070456570791530e-01,  6.091247866006332e-01, -4.273884311868413e-01,  4.980093031959127e-01
  4.033333333333333e+00, -1.087000768494450e-01,  4.577056915621491e-01,  7.174834820720337e-01,  6.027060595748518e-01, -4.178731094615604e-01,  5.010170980679234e-01
  4.037500000000001e+00, -1.171291467768024e-01,  4.579129741354864e-01,  7.275135013533888e-01,  5.964799457330056e-01, -4.079934791267723e-01,  5.037654813378197e-01
  4.041666666666667e+00, -1.251295275535379e-01,  4.579824758189823e-01,  7.370757469650311e-01,  5.904705310333405e-01, -3.977651013992615e-01,  5.062626407632994e-01
  4.045833333333333e+00, -1.326854804372911e-01,  4.579241206649343e-01,  7.461114677967924e-01,  5.847012708973336e-01, -3.872047460054323e-01,  5.085182131042488e-01
  4.050000000000000e+00, -1.397835075383691e-01,  4.577482704062144e-01,  7.545637100465160e-01,  5.791948349308818e-01, -3.763303403969611e-01,  5.105430593209233e-01
  4.054166666666667e+00, -1.464123789562157e-01,  4.574655586087728e-01,  7.623778678473122e-01,  5.739729662266183e-01, -3.651609253819211e-01,  5.123490266347571e-01
  4.058333333333334e+00, -1.525631158424577e-01,  4.570867105188365e-01,  7.695022110030992e-01,  5.690563564469924e-01, -3.537166170734339e-01,  5.139486961929139e-01
  4.062500000000000e+00, -1.582289462503590e-01,  4.566223526022912e-01,  7.758884039542169e-01,  5.644645337294890e-01, -3.420185696563974e-01,  5.153551143263004e-01
  4.066666666666666e+00, -1.634052519560925e-01,  4.560828189969166e-01,  7.814920289881245e-01,  5.602157605060043e-01, -3.300889323004988e-01,  5.165815090706394e-01
  4.070833333333334e+00, -1.680895168894450e-01,  4.554778553954320e-01,  7.862729729470807e-01,  5.563268472003977e-01, -3.179505148347640e-01,  5.176414079500103e-01
  4.075000000000000e+00, -1.722812533377253e-01,  4.548169122577372e-01,  7.901965181094968e-01,  5.528134592376930e-01, -3.056278358071123e-01,  5.185467285809463e-01
  4.079166666666667e+00, -1.759819556501238e-01,  4.541083449475480e-01,  7.932330022075189e-01,  5.496895073861350e-01, -2.931454296673164e-01,  5.193098679369624e-01
  4.083333333333334e+00, -1.791950149594433e-01,  4.533599976743519e-01,  7.953591655411091e-01,  5.469677171348216e-01, -2.805295630884226e-01,  5.199408440898903e-01
  4.087500000000000e+00, -1.819257038707474e-01,  4.525778152897857e-01,  7.965569486336347e-01,  5.446585317634119e-01, -2.678050527986100e-01,  5.204515400593351e-01
  4.091666666666667e+00, -1.841810525842728e-01,  4.517674203621311e-01,  7.968159237928456e-01,  5.427715501992828e-01, -2.549994280638682e-01,  5.208493888611839e-01
  4.095833333333333e+00, -1.859698256071741e-01,  4.509322558577251e-01,  7.961312674171683e-01,  5.413140149726505e-01, -2.421384400382004e-01,  5.211435487561111e-01
  4.100000000000001e+00, -1.873022446255247e-01,  4.500777709769301e-01,  7.945091425232937e-01,  5.402944869103589e-01, -2.292565995338577e-01,  5.213296447700791e-01
  4.104166666666667e+00, -1.881902559852159e-01,  4.492020561643464e-01,  7.919550342295919e-01,  5.397148032657172e-01, -2.163736550464504e-01,  5.214231140198181e-01
  4.108333333333333e+00, -1.886469775359178e-01,  4.483066531946476e-01,  7.884871331038128e-01,  5.395794388377378e-01, -2.035215550862768e-01,  5.214206325222345e-01
  4.112500000000000e+00, -1.886868529922447e-01,  4.473905216942300e-01,  7.841285818786096e-01,  5.398902971458256e-01, -1.907290656446836e-01,  5.213219621067289e-01
  4.116666666666667e+00, -1.883256613503600e-01,  4.464489961465385e-01,  7.789059610150533e-01,  5.406457745872976e-01, -1.780187346752593e-01,  5.211339812324395e-01
  4.120833333333334e+00, -1.875798859234352e-01,  4.454841630137318e-01,  7.728613729287387e-01,  5.418497062756626e-01, -1.654326752131688e-01,  5.208348495996239e-01
  4.125000000000000e+00, -1.864673432932163e-01,  4.444916907695313e-01,  7.660358914106391e-01,  5.434998683538420e-01, -1.529987391572106e-01,  5.204211925797533e-01
  4.129166666666666e+00, -1.850071627055897e-01,  4.434616358134140e-01,  7.584701090822856e-01,  5.455885936526829e-01, -1.407317448009841e-01,  5.199059872554352e-01
  4.133333333333334e+00, -1.832187009482515e-01,  4.423936127624564e-01,  7.502212710255068e-01,  5.481158191593970e-01, -1.286713552287185e-01,  5.192664265871398e-01
  4.137500000000000e+00, -1.811223375727193e-01,  4.412817119683967e-01,  7.413444022336516e-01,  5.510759447663681e-01, -1.168431263749403e-01,  5.184980011583812e-01
  4.141666666666667e+00, -1.787388905694870e-01,  4.401214899515749e-01,  7.318996520428251e-01,  5.544637905122221e-01, -1.052754875618543e-01,  5.175909586487313e-01
  4.145833333333334e+00, -1.760895849351788e-01,  4.389079020205016e-01,  7.219488445583805e-01,  5.582727352098334e-01, -9.399372178857884e-02,  5.165386756452964e-01
  4.150000000000000e+00, -1.731956908457830e-01,  4.376374617403342e-01,  7.115568898828377e-01,  5.624965026184768e-01, -8.302480819788945e-02,  5.153311521139846e-01
  4.154166666666667e+00, -1.700783984846123e-01,  4.363070868661842e-01,  7.007893910807700e-01,  5.671281048597216e-01, -7.239376288155858e-02,  5.139600540747591e-01
  4.158333333333333e+00, -1.667585479683728e-01,  4.349146228689511e-01,  6.897122044898374e-01,  5.721602476185226e-01, -6.212437161981325e-02,  5.124177760038876e-01
  4.162500000000001e+00, -1.632563733795094e-01,  4.334589591801232e-01,  6.783905778289014e-01,  5.775854069771567e-01, -5.223896388056375e-02,  5.106978070631085e-01
  4.166666666666667e+00, -1.595912352648479e-01,  4.319402488177455e-01,  6.668884728076711e-01,  5.833960065767283e-01, -4.275855910168529e-02,  5.087945388076823e-01
  4.170833333333333e+00, -1.557813603828384e-01,  4.303597774382275e-01,  6.552675652797646e-01,  5.895843382171825e-01, -3.370220513844251e-02,  5.067042239776568e-01
  4.175000000000001e+00, -1.518435752851724e-01,  4.287201480353551e-01,  6.435867049317541e-01,  5.961427529715495e-01, -2.508725980768264e-02,  5.044245705368532e-01
  4.179166666666667e+00, -1.477930689845186e-01,  4.270252290033936e-01,  6.319012255659110e-01,  6.030636797557190e-01, -1.692919452544710e-02,  5.019550150123150e-01
  4.183333333333334e+00, -1.436431875363069e-01,  4.252801059461375e-01,  6.202623960501009e-01,  6.103396615113105e-01, -9.241557659287006e-03,  4.992967785370074e-01
  4.187500000000000e+00, -1.394052685211338e-01,  4.234909969814007e-01,  6.087169671299392e-01,  6.179633733935628e-01, -2.035994305897293e-03,  4.964528726170782e-01
  4.191666666666666e+00, -1.350885139134035e-01,  4.216651395063367e-01,  5.973068125365097e-01,  6.259276255292514e-01,  4.677676474042340e-03,  4.934280664838950e-01
  4.195833333333334e+00, -1.306999070145840e-01,  4.198106640479680e-01,  5.860686815357290e-01,  6.342253507009156e-01,  1.089134990655617e-02,  4.902288205978523e-01
  4.200000000000000e+00, -1.262441970197341e-01,  4.179364799616752e-01,  5.750341146119941e-01,  6.428495708142752e-01,  1.659854303977772e-02,  4.868631729014183e-01
  4.204166666666667e+00, -1.217239760420545e-01,  4.160521926461085e-01,  5.642295675643094e-01,  6.517933323332915e-01,  2.179438637222319e-02,  4.833405594924102e-01
  4.208333333333334e+00, -1.171398418331487e-01,  4.141680438972939e-01,  5.536767112204063e-01,  6.610496067757665e-01,  2.647573038968414e-02,  4.796715765555729e-01
  4.212500000000000e+00, -1.124905991637504e-01,  4.122948402216957e-01,  5.433927889040743e-01,  6.706111669537079e-01,  3.064132784252054e-02,  4.758677242630218e-01
  4.216666666666667e+00, -1.077734440132646e-01,  4.104438402886759e-01,  5.333909140713997e-01,  6.804704627557686e-01,  3.429199507062380e-02,  4.719411783418642e-01
  4.220833333333333e+00, -1.029841056046412e-01,  4.086266046612097e-01,  5.236802757260918e-01,  6.906195193231103e-01,  3.743065851393242e-02,  4.679046070154134e-01
  4.225000000000001e+00, -9.811696104368163e-02,  4.068548313634712e-01,  5.142663016777731e-01,  7.010498639567517e-01,  4.006225622793677e-02,  4.637710205985939e-01
  4.229166666666667e+00, -9.316515150349899e-02,  4.051401960146293e-01,  5.051508451671912e-01,  7.117524713373973e-01,  4.219353873963776e-02,  4.595536310964970e-01
  4.233333333333333e+00, -8.812071319393357e-02,  4.034942026407138e-01,  4.963324218855179e-01,  7.227177145282414e-01,  4.383284413112303e-02,  4.552657072835472e-01
  4.237500000000000e+00, -8.297471597675869e-02,  4.019280443328075e-01,  4.878064824428865e-01,  7.339353178878855e-01,  4.498989811896939e-02,  4.509204254905448e-01
  4.241666666666667e+00, -7.771739973667520e-02,  4.004524742211424e-01,  4.795656976105596e-01,  7.453943151554182e-01,  4.567564468655251e-02,  4.465307265955321e-01
  4.245833333333334e+00, -7.233830868143364e-02,  3.990776945791819e-01,  4.716002567447052e-01,  7.570830178084692e-01,  4.590208405485600e-02,  4.421091886076808e-01
  4.250000000000000e+00, -6.682642788164518e-02,  3.978132720726830e-01,  4.638981918843580e-01,  7.689889972149689e-01,  4.568209640382202e-02,  4.376679188977352e-01
  4.254166666666666e+00, -6.117031726414791e-02,  3.966680755738472e-01,  4.564457174737613e-01,  7.810990819717919e-01,  4.502925218367601e-02,  4.332184705436052e-01
  4.258333333333334e+00, -5.535823756359950e-02,  3.956502140313094e-01,  4.492275484433988e-01,  7.933993554257314e-01,  4.395765291427884e-02,  4.287718088457490e-01
  4.262500000000000e+00, -4.937820049591806e-02,  3.947670678917512e-01,  4.422272196844681e-01,  8.058752563143654e-01,  4.248168231184219e-02,  4.243381859985204e-01
  4.266666666666667e+00, -4.321808706791112e-02,  3.940252017153256e-01,  4.354273255019003e-01,  8.185115316926981e-01,  4.061602823522451e-02,  4.199272551684101e-01
  4.270833333333334e+00, -3.686564343200219e-02,  3.934304807766089e-01,  4.288098251863388e-01,  8.312923981681480e-01,  3.837546268325533e-02,  4.155479027324597e-01
  4.275000000000000e+00, -3.030861810801720e-02,  3.929879451380032e-01,  4.223562221834731e-01,  8.442014452120269e-01,  3.577499632799008e-02,  4.112085248890444e-01
  4.279166666666667e+00, -2.353458030909813e-02,  3.927023004208243e-01,  4.160479790850562e-01,  8.572221654128761e-01,  3.282919268019437e-02,  4.069161535627970e-01
  4.283333333333333e+00, -1.653135647702691e-02,  3.925779670890215e-01,  4.098670452770744e-01,  8.703377404605694e-01,  2.955368816181143e-02,  4.026748804611415e-01
  4.287500000000001e+00, -9.285290841862777e-03,  3.926222085872422e-01,  4.037960308075180e-01,  8.835356154700978e-01,  2.595935811613218e-02,  3.984935259870945e-01
  4.291666666666667e+00, -1.784878822930542e-03,  3.928349481300966e-01,  3.978158400958253e-01,  8.967951402545001e-01,  2.206299380346348e-02,  3.943765669962181e-01
  4.295833333333333e+00,  5.981043853793266e-03,  3.932144077292621e-01,  3.919072802283255e-01,  9.100947722577791e-01,  1.788086376888967e-02,  3.903315957115442e-01
  4.300000000000001e+00,  1.402375993396631e-02,  3.937614236426545e-01,  3.860542135051047e-01,  9.234155683712919e-01,  1.343333283650085e-02,  3.863590823515879e-01
  4.304166666666667e+00,  2.235532624552201e-02,  3.944769261861751e-01,  3.802387397063439e-01,  9.367402268428070e-01,  8.722795618611641e-03,  3.824706596651425e-01
  4.308333333333334e+00,  3.098629136832642e-02,  3.953604193841986e-01,  3.744463740361398e-01,  9.500493398408046e-01,  3.769719666173744e-03,  3.786663014228249e-01
  4.312500000000000e+00,  3.992706651663523e-02,  3.964112332103049e-01,  3.686628465634334e-01,  9.633240265770204e-01, -1.411742738932105e-03,  3.749491029047830e-01
  4.316666666666666e+00,  4.918748984037477e-02,  3.976282475544342e-01,  3.628749863690001e-01,  9.765452796118250e-01, -6.807565894331251e-03,  3.713217724310291e-01
  4.320833333333334e+00,  5.877677380462807e-02,  3.990099675387468e-01,  3.570707632230266e-01,  9.896939933246516e-01, -1.240384458659918e-02,  3.677866586271860e-01
  4.325000000000000e+00,  6.870347701033762e-02,  4.005546153832833e-01,  3.512392963246412e-01,  1.002750999240181e+00, -1.818678990523607e-02,  3.643457659980305e-01
  4.329166666666667e+00,  7.897548878931762e-02,  4.022602499064838e-01,  3.453708547460619e-01,  1.015697106467202e+00, -2.414272421370623e-02,  3.610007541886147e-01
  4.333333333333334e+00,  8.959999794987832e-02,  4.041249041878396e-01,  3.394568753544612e-01,  1.028513134972623e+00, -3.025807703430870e-02,  3.577529254054076e-01
  4.337500000000000e+00,  1.005834079939072e-01,  4.061466802224660e-01,  3.334899902866030e-01,  1.041179915622755e+00, -3.651938291097041e-02,  3.546032219942679e-01
  4.341666666666667e+00,  1.119311459183027e-01,  4.083236883680972e-01,  3.274640321122950e-01,  1.053678216569072e+00, -4.291327316762991e-02,  3.515522723335088e-01
  4.345833333333333e+00,  1.236473333927415e-01,  4.106537710619624e-01,  3.213740089327246e-01,  1.065988577073721e+00, -4.942645184685738e-02,  3.486005022293174e-01
  4.350000000000000e+00,  1.357343949110195e-01,  4.131341246391915e-01,  3.152160748140292e-01,  1.078091104938192e+00, -5.604566538548115e-02,  3.457482676043487e-01
  4.354166666666667e+00,  1.481927561935832e-01,  4.157610324212984e-01,  3.089875146745032e-01,  1.089965338165344e+00, -6.275769061649820e-02,  3.429959348803973e-01
  4.358333333333333e+00,  1.610207099944033e-01,  4.185298026019095e-01,  3.026867380587832e-01,  1.101590213720182e+00, -6.954935150019213e-02,  3.403438823450574e-01
  4.362500000000001e+00,  1.742143948239168e-01,  4.214348325731085e-01,  2.963132715182912e-01,  1.112944102626006e+00, -7.640755202358354e-02,  3.377924542804130e-01
  4.366666666666667e+00,  1.877678037027503e-01,  4.244696932225003e-01,  2.898677481936378e-01,  1.124004857528073e+00, -8.331930900638720e-02,  3.353419050011734e-01
  4.370833333333334e+00,  2.016727940986048e-01,  4.276271943549783e-01,  2.833518950801116e-01,  1.134749854647939e+00, -9.027178064650559e-02,  3.329923452307257e-01
  4.375000000000000e+00,  2.159191073164892e-01,  4.308994345166499e-01,  2.767685154461750e-01,  1.145156035074869e+00, -9.725229718582495e-02,  3.307436912377775e-01
  4.379166666666666e+00,  2.304944047204643e-01,  4.342778409753125e-01,  2.701214648824081e-01,  1.155199950507268e+00, -1.042484005646141e-01,  3.285956187042419e-01
  4.383333333333334e+00,  2.453843215584155e-01,  4.377532043288184e-01,  2.634156219945068e-01,  1.164857814872069e+00, -1.112478946273346e-01,  3.265475224285728e-01
  4.387500000000000e+00,  2.605725398243667e-01,  4.413157143039981e-01,  2.566568545765218e-01,  1.174105563063115e+00, -1.182389051320387e-01,  3.245984786518912e-01
  4.391666666666667e+00,  2.760408801989131e-01,  4.449550007250305e-01,  2.498519823278385e-01,  1.182918917239927e+00, -1.252099484113122e-01,  3.227472065892706e-01
  4.395833333333334e+00,  2.917694085166220e-01,  4.486601795666507e-01,  2.430087389362316e-01,  1.191273458837826e+00, -1.321500021884967e-01,  3.209920297626052e-01
  4.400000000000000e+00,  3.077365525030283e-01,  4.524199029829366e-01,  2.361357347912580e-01,  1.199144703859180e+00, -1.390485663460931e-01,  3.193308402534296e-01
  4.404166666666667e+00,  3.239192295778984e-01,  4.562224128950816e-01,  2.292424169389994e-01,  1.206508180873954e+00, -1.458957044703535e-01,  3.177610684857890e-01
  4.408333333333333e+00,  3.402929881635380e-01,  4.600555995657349e-01,  2.223390215034677e-01,  1.213339512543706e+00, -1.526820642444700e-01,  3.162796602301927e-01
  4.412500000000001e+00,  3.568321607292450e-01,  4.639070669033121e-01,  2.154365167995539e-01,  1.219614500323900e+00, -1.593988776733432e-01,  3.148830618518432e-01
  4.416666666666667e+00,  3.735100227527592e-01,  4.677642021288717e-01,  2.085465383921300e-01,  1.225309209956343e+00, -1.660379426322608e-01,  3.135672131689649e-01
  4.420833333333333e+00,  3.902989529059819e-01,  4.716142446979406e-01,  2.016813180505505e-01,  1.230400055400956e+00, -1.725915892876470e-01,  3.123275450285459e-01
  4.425000000000001e+00,  4.071705942631945e-01,  4.754443530438168e-01,  1.948536073845849e-01,  1.234863881119922e+00, -1.790526366040057e-01,  3.111589782918242e-01
  4.429166666666667e+00,  4.240960182776562e-01,  4.792416718438552e-01,  1.880765958327316e-01,  1.238678044260837e+00, -1.854143431709955e-01,  3.100559236605314e-01
  4.433333333333334e+00,  4.410458899882074e-01,  4.829934016211506e-01,  1.813638233459222e-01,  1.241820497516013e+00, -1.916703534362519e-01,  3.090122848314892e-01
  4.437500000000000e+00,  4.579906280930396e-01,  4.866868696200233e-01,  1.747290896668269e-01,  1.244269871585766e+00, -1.978146365446958e-01,  3.080214674131455e-01
  4.441666666666666e+00,  4.749005529343435e-01,  4.903096000215039e-01,  1.681863624978807e-01,  1.246005555683317e+00, -2.038414139589594e-01,  3.070763941300890e-01
  4.445833333333334e+00,  4.917460190667336e-01,  4.938493828983161e-01,  1.617496864164601e-01,  1.247007775565234e+00, -2.097450756515786e-01,  3.061695262111960e-01
  4.450000000000000e+00,  5.084975323173633e-01,  4.972943431327506e-01,  1.554330938669705e-01,  1.247257669193868e+00, -2.155200882531555e-01,  3.052928916341719e-01
  4.454166666666667e+00,  5.251258514752740e-01,  5.006330101312377e-01,  1.492505190365011e-01,  1.246737359420329e+00, -2.211608986634433e-01,  3.044381219024307e-01
  4.458333333333334e+00,  5.416020730598593e-01,  5.038543864784815e-01,  1.432157157639738e-01,  1.245430022325073e+00, -2.266618366858075e-01,  3.035964997326692e-01
  4.462500000000000e+00,  5.578976972730930e-01,  5.069480130759891e-01,  1.373421809213899e-01,  1.243319950828083e+00, -2.320170221191435e-01,  3.027590193433427e-01
  4.466666666666667e+00,  5.739846764994706e-01,  5.099040310786060e-01,  1.316430826589418e-01,  1.240392615848272e+00, -2.372202813913865e-01,  3.019164585206898e-01
  4.470833333333333e+00,  5.898354501696306e-01,  5.127132421132383e-01,  1.261311909919671e-01,  1.236634729086473e+00, -2.422650741378184e-01,  3.010594592468674e-01
  4.475000000000001e+00,  6.054229669775993e-01,  5.153671655401739e-01,  1.208188098908935e-01,  1.232034310285182e+00, -2.471444258494146e-01,  3.001786133788275e-01
  4.479166666666667e+00,  6.207206924900205e-01,  5.178580885679840e-01,  1.157177121478387e-01,  1.226580758862688e+00, -2.518508628422023e-01,  2.992645516509109e-01
  4.483333333333333e+00,  6.357026025745538e-01,  5.201791061796239e-01,  1.108390775709677e-01,  1.220264928151085e+00, -2.563763484279299e-01,  2.983080365743747e-01
  4.487500000000001e+00,  6.503431658817496e-01,  5.223241531742249e-01,  1.061934346571441e-01,  1.213079201377153e+00, -2.607122213637846e-01,  2.973000608513067e-01
  4.491666666666667e+00,  6.646172660746078e-01,  5.242864568545615e-01,  1.017912118673371e-01,  1.205016650396463e+00, -2.648414992111815e-01,  2.962338528128658e-01
  4.495833333333334e+00,  6.785003480080638e-01,  5.260649099002461e-01,  9.764025481810733e-02,  1.196074838908953e+00, -2.687699034033643e-01,  2.950974439769866e-01
  4.500000000000000e+00,  6.919681867951032e-01,  5.276545436943725e-01,  9.374943856793219e-02,  1.186250294938600e+00, -2.724784524994952e-01,  2.938850052570333e-01
  4.504166666666667e+00,  7.049969967301840e-01,  5.290529632518215e-01,  9.012614188082241e-02,  1.175542411903315e+00, -2.759555855458101e-01,  2.925895065896335e-01
  4.508333333333334e+00,  7.175634350342140e-01,  5.302587602864228e-01,  8.677678914135004e-02,  1.163952622219698e+00, -2.791890431059194e-01,  2.912046608533866e-01
  4.512500000000000e+00,  7.296446310366289e-01,  5.312715327437929e-01,  8.370677584347587e-02,  1.151484538371912e+00, -2.821659304869638e-01,  2.897250125421348e-01
  4.516666666666667e+00,  7.412182242115449e-01,  5.320919048917419e-01,  8.092039590446105e-02,  1.138144106926884e+00, -2.848727965264647e-01,  2.881460278901305e-01
  4.520833333333334e+00,  7.522624202927828e-01,  5.327215485636339e-01,  7.842076601192711e-02,  1.123939776078196e+00, -2.872957269671643e-01,  2.864641770655334e-01
  4.525000000000000e+00,  7.627560733897362e-01,  5.331632024490345e-01,  7.620974127059324e-02,  1.108882676908414e+00, -2.894204559360285e-01,  2.846770006439367e-01
  4.529166666666667e+00,  7.726787965536672e-01,  5.334206861330115e-01,  7.428782038148421e-02,  1.092986818245067e+00, -2.912324981255590e-01,  2.827831581156814e-01
  4.533333333333333e+00,  7.820111025491984e-01,  5.334989083067112e-01,  7.265404182263528e-02,  1.076269295252321e+00, -2.927173016928669e-01,  2.807824610786073e-01
  4.537500000000000e+00,  7.907345775289996e-01,  5.334038709935540e-01,  7.130587365243644e-02,  1.058750511810964e+00, -2.938604211346020e-01,  2.786758926648136e-01
  4.541666666666667e+00,  7.988320896019592e-01,  5.331426716262910e-01,  7.023909908847480e-02,  1.040454416355989e+00, -2.946477110149693e-01,  2.764656099536339e-01
  4.545833333333333e+00,  8.062880329672929e-01,  5.327235024425152e-01,  6.944770018472504e-02,  1.021408750065094e+00, -2.950655424723152e-01,  2.741549241413716e-01
  4.550000000000001e+00,  8.130886059420906e-01,  5.321556439570712e-01,  6.892374423382758e-02,  1.001645304107915e+00, -2.951010432494690e-01,  2.717482561941811e-01
  4.554166666666667e+00,  8.192221190885022e-01,  5.314494488956079e-01,  6.865727879723173e-02,  9.812001804187032e-01, -2.947423600742237e-01,  2.692510696996802e-01
  4.558333333333334e+00,  8.246793304245552e-01,  5.306163144924545e-01,  6.863623962527318e-02,  9.601140500039259e-01, -2.939789407318898e-01,  2.666697840273673e-01
  4.562500000000000e+00,  8.294538053695067e-01,  5.296686418282028e-01,  6.884637552608204e-02,  9.384324022103723e-01, -2.928018327467070e-01,  2.640116696332477e-01
  4.566666666666666e+00,  8.335422953925525e-01,  5.286197801744972e-01,  6.927119880962566e-02,  9.162057751355991e-01, -2.912039959398056e-01,  2.612847255462507e-01
  4.570833333333334e+00,  8.369451235312365e-01,  5.274839523972830e-01,  6.989197462894012e-02,  8.934899527676736e-01, -2.891806248723048e-01,  2.584975393173300e-01
  4.575000000000000e+00,  8.396665615839273e-01,  5.262761554738862e-01,  7.068776031840276e-02,  8.703461110504530e-01, -2.867294734599424e-01,  2.556591318893813e-01
  4.579166666666667e+00,  8.417151825770812e-01,  5.250120299933489e-01,  7.163549902466004e-02,  8.468408928388764e-01, -2.838511694900956e-01,  2.527787907421934e-01
  4.583333333333334e+00,  8.431041702882035e-01,  5.237076935861154e-01,  7.271016926281938e-02,  8.230463895661106e-01, -2.805495015583930e-01,  2.498658930383996e-01
  4.587500000000000e+00,  8.438515650796941e-01,  5.223795338401800e-01,  7.388499414206055e-02,  7.990400055022492e-01, -2.768316552192124e-01,  2.469297200104844e-01
  4.591666666666667e+00,  8.439804229596720e-01,  5.210439565825522e-01,  7.513171385539037e-02,  7.749041798387475e-01, -2.727083727904808e-01,  2.439792683790934e-01
  4.595833333333333e+00,  8.435188632434223e-01,  5.197170871367989e-01,  7.642091995006095e-02,  7.507259436169985e-01, -2.681940152557992e-01,  2.410230714026735e-01
  4.600000000000001e+00,  8.424999813026433e-01,  5.184144270048487e-01,  7.772244335006114e-02,  7.265962936282031e-01, -2.633065115163220e-01,  2.380690454217229e-01
  4.604166666666667e+00,  8.409616080543914e-01,  5.171504758649623e-01,  7.900578238810926e-02,  7.026093741735796e-01, -2.580671855615021e-01,  2.351243785736304e-01
  4.608333333333333e+00,  8.389459059646549e-01,  5.159383360043408e-01,  8.024055199190434e-02,  6.788614703283902e-01, -2.525004578041636e-01,  2.321954796177109e-01
  4.612500000000001e+00,  8.364988010576656e-01,  5.147893207494780e-01,  8.139693118577572e-02,  6.554498318889017e-01, -2.466334245231836e-01,  2.292880018149146e-01
  4.616666666666667e+00,  8.336692623815705e-01,  5.137125898291552e-01,  8.244608360275063e-02,  6.324713632184401e-01, -2.404953258330230e-01,  2.264069473562542e-01
  4.620833333333334e+00,  8.305084545102077e-01,  5.127148350210549e-01,  8.336052523846940e-02,  6.100212289677516e-01, -2.341169179377765e-01,  2.235568487830731e-01
  4.625000000000000e+00,  8.270688012420827e-01,  5.118000404884211e-01,  8.411441789247491e-02,  5.881914381840065e-01, -2.275297749432955e-01,  2.207420176964160e-01
  4.629166666666666e+00,  8.234030073440786e-01,  5.109693418863506e-01,  8.468377614999244e-02,  5.670694783035519e-01, -2.207655580645436e-01,  2.179668423684968e-01
  4.633333333333334e+00,  8.195630918874314e-01,  5.102210024339671e-01,  8.504658611615529e-02,  5.467370738649292e-01, -2.138552966302286e-01,  2.152361046464021e-01
  4.637500000000000e+00,  8.155994889533867e-01,  5.095505108781799e-01,  8.518284336365500e-02,  5.272691391528173e-01, -2.068287219120165e-01,  2.125552798024472e-01
  4.641666666666667e+00,  8.115602634055581e-01,  5.089507901575212e-01,  8.507452703793222e-02,  5.087329777355892e-01, -1.997136859947629e-01,  2.099307826737370e-01
  4.645833333333334e+00,  8.074931053734770e-01,  5.084169576231012e-01,  8.470731192899757e-02,  4.911914727468517e-01, -1.925387426474997e-01,  2.073557612483193e-01
  4.650000000000000e+00,  8.034348391957384e-01,  5.079292571656582e-01,  8.406361711561836e-02,  4.746885632069991e-01, -1.853207463519554e-01,  2.048662068910211e-01
  4.654166666666667e+00,  7.994254665918301e-01,  5.074789756619595e-01,  8.313253164894586e-02,  4.592698918864584e-01, -1.780824242127976e-01,  2.024587300953078e-01
  4.658333333333333e+00,  7.954988825918541e-01,  5.070522035700329e-01,  8.190333313330327e-02,  4.449697921001922e-01, -1.708405613096349e-01,  2.001438531359877e-01
  4.662500000000001e+00,  7.916851016886057e-01,  5.066342799047105e-01,  8.036705969397512e-02,  4.318149426285068e-01, -1.636088463104783e-01,  1.979325424007187e-01
  4.666666666666667e+00,  7.880104084007074e-01,  5.062101235763876e-01,  7.851656838792334e-02,  4.198249504112049e-01, -1.563978923072327e-01,  1.958357343337172e-01
  4.670833333333333e+00,  7.844975888835828e-01,  5.057645072635335e-01,  7.634666400274311e-02,  4.090130175952829e-01, -1.492152910467232e-01,  1.938637878568980e-01
  4.675000000000001e+00,  7.811662075256334e-01,  5.052822710575722e-01,  7.385431225647492e-02,  3.993866476437363e-01, -1.420656896302880e-01,  1.920259031842352e-01
  4.679166666666667e+00,  7.780329030500600e-01,  5.047484841869807e-01,  7.103893448962523e-02,  3.909483525766089e-01, -1.349508897596820e-01,  1.903295512426690e-01
  4.683333333333334e+00,  7.751116848737595e-01,  5.041485697063843e-01,  6.790275993724038e-02,  3.836963295330098e-01, -1.278699797385927e-01,  1.887799557154636e-01
  4.687500000000000e+00,  7.724142118116015e-01,  5.034684080261087e-01,  6.445119720011082e-02,  3.776250817802406e-01, -1.208195189104905e-01,  1.873796614542087e-01
  4.691666666666666e+00,  7.699500355749502e-01,  5.026944324220977e-01,  6.069318716661861e-02,  3.727259681785978e-01, -1.137938013794046e-01,  1.861282100490874e-01
  4.695833333333334e+00,  7.677267946037453e-01,  5.018137257262851e-01,  5.664151170805494e-02,  3.689876729993735e-01, -1.067852251044726e-01,  1.850219285281162e-01
  4.700000000000000e+00,  7.657503491539933e-01,  5.008141238695045e-01,  5.231304378060559e-02,  3.663965920673519e-01, -9.978477721486415e-02,  1.840538258950000e-01
  4.704166666666667e+00,  7.640248542010692e-01,  4.996843298111515e-01,  4.772892777799484e-02,  3.649371330818871e-01, -9.278261994316761e-02,  1.832135893738929e-01
  4.708333333333334e+00,  7.625527746839644e-01,  4.984140412535665e-01,  4.291467438646739e-02,  3.645919317051832e-01, -8.576873789969529e-02,  1.824876760917384e-01
  4.712500000000000e+00,  7.613348564466290e-01,  4.969940951775418e-01,  3.790014723553726e-02,  3.653419904782269e-01, -7.873359736737076e-02,  1.818594991137148e-01
  4.716666666666667e+00,  7.603700678028706e-01,  4.954166291915958e-01,  3.271941732835579e-02,  3.671667492792188e-01, -7.166877127995135e-02,  1.813097046819540e-01
  4.720833333333333e+00,  7.596555205260820e-01,  4.936752568358624e-01,  2.741047034837850e-02,  3.700440903362190e-01, -6.456749214126881e-02,  1.808165328971832e-01
  4.725000000000001e+00,  7.591833459977091e-01,  4.917617930488003e-01,  2.201150722455974e-02,  3.739460643931644e-01, -5.742479650474389e-02,  1.803711900398821e-01
  4.729166666666667e+00,  7.589533612935215e-01,  4.896808255482741e-01,  1.657369508556497e-02,  3.788562794468530e-01, -5.023931374933175e-02,  1.799168171974481e-01
  4.733333333333333e+00,  7.589527294230231e-01,  4.874275335185414e-01,  1.114019612250508e-02,  3.847422224702117e-01, -4.301093209708843e-02,  1.794441308642806e-01
  4.737500000000001e+00,  7.591701115349503e-01,  4.850034095595424e-01,  5.759256900457842e-03,  3.915740302714156e-01, -3.574292153200976e-02,  1.789267804447127e-01
  4.741666666666667e+00,  7.595918755842678e-01,  4.824124340735094e-01,  4.799373982513119e-04,  3.993191331629483e-01, -2.844142784591838e-02,  1.783388164441533e-01
  4.745833333333334e+00,  7.602021275182606e-01,  4.796612381502463e-01, -4.648739393804670e-03,  4.079418400611290e-01, -2.111548016584736e-02,  1.776554015026538e-01
  4.750000000000000e+00,  7.609828118827021e-01,  4.767591953694805e-01, -9.578723473825311e-03,  4.174029175351029e-01, -1.377690822345720e-02,  1.768535250884649e-01
  4.754166666666667e+00,  7.619138748794817e-01,  4.737184165492534e-01, -1.426393487024881e-02,  4.276592059101861e-01, -6.440138421484103e-03,  1.759126796774816e-01
  4.758333333333334e+00,  7.629734804502754e-01,  4.705536329228610e-01, -1.866127094424060e-02,  4.386633248304679e-01,  8.781556963701905e-04,  1.748154592256315e-01
  4.762500000000000e+00,  7.641382864142072e-01,  4.672819698046773e-01, -2.273156343816538e-02,  4.503635324536621e-01,  8.159544858406635e-03,  1.735480445892005e-01
  4.766666666666667e+00,  7.653838062410979e-01,  4.639226241692340e-01, -2.644042755846203e-02,  4.627038049395185e-01,  1.538442829055143e-02,  1.721005451862911e-01
  4.770833333333334e+00,  7.666848772102312e-01,  4.604964619911622e-01, -2.975894847136037e-02,  4.756241821454493e-01,  2.253261895427414e-02,  1.704671673411413e-01
  4.775000000000000e+00,  7.680162204657113e-01,  4.570255482978123e-01, -3.266415289761401e-02,  4.890613782340494e-01,  2.958382907116924e-02,  1.686461799247620e-01
  4.779166666666667e+00,  7.693530369412276e-01,  4.535326209005826e-01, -3.513922718965840e-02,  5.029496013102863e-01,  3.651799389514994e-02,  1.666396608874128e-01
  4.783333333333333e+00,  7.706715649246964e-01,  4.500405213960814e-01, -3.717347371732041e-02,  5.172214945203042e-01,  4.331543608764966e-02,  1.644530451413813e-01
  4.787500000000000e+00,  7.719495380904476e-01,  4.465716043959764e-01, -3.876203247432311e-02,  5.318091181153174e-01,  4.995692247500521e-02,  1.620945406747574e-01
  4.791666666666667e+00,  7.731665149651319e-01,  4.431471556826589e-01, -3.990541832848292e-02,  5.466449230141548e-01,  5.642367551094829e-02,  1.595745026264945e-01
  4.795833333333333e+00,  7.743040852042978e-01,  4.397868580707027e-01, -4.060893253096991e-02,  5.616626899113322e-01,  6.269738430658804e-02,  1.569048379908002e-01
  4.800000000000001e+00,  7.753459829979102e-01,  4.365083454991494e-01, -4.088200818194478e-02,  5.767984091992402e-01,  6.876024028837155e-02,  1.540984737406369e-01
  4.804166666666667e+00,  7.762781469670148e-01,  4.333268769247429e-01, -4.073754823706040e-02,  5.919910693277930e-01,  7.459501156860002e-02,  1.511688886918981e-01
  4.808333333333334e+00,  7.770887565184331e-01,  4.302551414764493e-01, -4.019130602224964e-02,  6.071833221219848e-01,  8.018516420080755e-02,  1.481297006596456e-01
  4.812500000000000e+00,  7.777682523464712e-01,  4.273031824946014e-01, -3.926133857644227e-02,  6.223220041594999e-01,  8.551503432395219e-02,  1.449943106442664e-01
  4.816666666666666e+00,  7.783093283725107e-01,  4.244784122700325e-01, -3.796754121522978e-02,  6.373585052980444e-01,  9.057005250746700e-02,  1.417756198674092e-01
  4.820833333333334e+00,  7.787068771892401e-01,  4.217856877176309e-01, -3.633126009968496e-02,  6.522489841675012e-01,  9.533701887650226e-02,  1.384858396207020e-01
  4.825000000000000e+00,  7.789578812728790e-01,  4.192274256983584e-01, -3.437497905996051e-02,  6.669544358456283e-01,  9.980442071920573e-02,  1.351364023445674e-01
  4.829166666666667e+00,  7.790612574312928e-01,  4.168037457097533e-01, -3.212207616228961e-02,  6.814406220438993e-01,  1.039627691715727e-01,  1.317379601397863e-01
  4.833333333333334e+00,  7.790176728531195e-01,  4.145126317822745e-01, -2.959663605468890e-02,  6.956778835002843e-01,  1.078049119683310e-01,  1.283004355725019e-01
  4.837500000000000e+00,  7.788293548642373e-01,  4.123501074634204e-01, -2.682329000592246e-02,  7.096408670040906e-01,  1.113262695145605e-01,  1.248330811553011e-01
  4.841666666666667e+00,  7.784999131843542e-01,  4.103104219182656e-01, -2.382704873552257e-02,  7.233082058001067e-01,  1.145249528111540e-01,  1.213445151477258e-01
  4.845833333333333e+00,  7.780341847713773e-01,  4.083862495370236e-01, -2.063310231897672e-02,  7.366621846387096e-01,  1.174017499560867e-01,  1.178427263691636e-01
  4.850000000000001e+00,  7.774381017479091e-01,  4.065689057568180e-01, -1.726658370012312e-02,  7.496884050498995e-01,  1.199600005945636e-01,  1.143350623728380e-01
  4.854166666666667e+00,  7.767185758045029e-01,  4.048485774258626e-01, -1.375231408397995e-02,  7.623754535601470e-01,  1.222054015731269e-01,  1.108282206859694e-01
  4.858333333333333e+00,  7.758833886017324e-01,  4.032145602057806e-01, -1.011455698020414e-02,  7.747145711944752e-01,  1.241457904987913e-01,  1.073282539075274e-01
  4.862500000000001e+00,  7.749410792720132e-01,  4.016554934361676e-01, -6.376802182896317e-03,  7.866993262396978e-01,  1.257909359175431e-01,  1.038405875607135e-01
  4.866666666666667e+00,  7.739008271610234e-01,  4.001595869644021e-01, -2.561590003456825e-03,  7.983252986457083e-01,  1.271523373865533e-01,  1.003700434011617e-01
  4.870833333333334e+00,  7.727723338081020e-01,  3.987148404724885e-01,  1.309623248461461e-03,  8.095897863755642e-01,  1.282430232723442e-01,  9.692086138200563e-02
  4.875000000000000e+00,  7.715657084487157e-01,  3.973092578692892e-01,  5.216562974100063e-03,  8.204915401778446e-01,  1.290773354982594e-01,  9.349671698316239e-02
  4.879166666666666e+00,  7.702913594782232e-01,  3.959310567635286e-01,  9.140202932308796e-03,  8.310305291744504e-01,  1.296707015340265e-01,  9.010073366341939e-02
  4.883333333333334e+00,  7.689598928164760e-01,  3.945688697981833e-01,  1.306280477260611e-02,  8.412077382717220e-01,  1.300394022626825e-01,  8.673549164486408e-02
  4.887500000000000e+00,  7.675820155548150e-01,  3.932119338297999e-01,  1.696793243415131e-02,  8.510249976063395e-01,  1.302003443003657e-01,  8.340303437794064e-02
  4.891666666666667e+00,  7.661684406249151e-01,  3.918502641472401e-01,  2.084044367536684e-02,  8.604848427850188e-01,  1.301708405922303e-01,  8.010487405204339e-02
  4.895833333333334e+00,  7.647297869948171e-01,  3.904748108558440e-01,  2.466646405523698e-02,  8.695904036368284e-01,  1.299683994379604e-01,  7.684199872490717e-02
  4.900000000000000e+00,  7.632764699711846e-01,  3.890775911782369e-01,  2.843335279298245e-02,  8.783453190727339e-01,  1.296105215276548e-01,  7.361488573740645e-02
  4.904166666666667e+00,  7.618185784544781e-01,  3.876517869003828e-01,  3.212967117759336e-02,  8.867536754701097e-01,  1.291145061492710e-01,  7.042352763361315e-02
  4.908333333333333e+00,  7.603657388290498e-01,  3.861917947293931e-01,  3.574516101191673e-02,  8.948199638859478e-01,  1.284972695602931e-01,  6.726747658040994e-02
  4.912500000000001e+00,  7.589269651844576e-01,  3.846932216252452e-01,  3.927073648546344e-02,  9.025490477866069e-01,  1.277751790434596e-01,  6.414590994701498e-02
  4.916666666666667e+00,  7.575104959429501e-01,  3.831528259612615e-01,  4.269849050828642e-02,  9.099461314272966e-01,  1.269639057294401e-01,  6.105771412620418e-02
  4.920833333333333e+00,  7.561236234506696e-01,  3.815684134909194e-01,  4.602171318345136e-02,  9.170167217574952e-01,  1.260782993722924e-01,  5.800158010346722e-02
  4.925000000000001e+00,  7.547725322862545e-01,  3.799387004888120e-01,  4.923491334346868e-02,  9.237665818791956e-01,  1.251322887955485e-01,  5.497610487726759e-02
  4.929166666666667e+00,  7.534621653255720e-01,  3.782631570907267e-01,  5.233382833390605e-02,  9.302016790250746e-01,  1.241388108891675e-01,  5.197989381948100e-02
  4.933333333333334e+00,  7.521961331964923e-01,  3.765418462909060e-01,  5.531540828853830e-02,  9.363281336920984e-01,  1.231097679438754e-01,  4.901165715847686e-02
  4.937500000000000e+00,  7.509766784396626e-01,  3.747752766369599e-01,  5.817776748256615e-02,  9.421521778992896e-01,  1.220560086143679e-01,  4.607029237436570e-02
  4.941666666666666e+00,  7.498047014378380e-01,  3.729642828110165e-01,  6.092010153295065e-02,  9.476801281935753e-01,  1.209873251789815e-01,  4.315494760361460e-02
  4.945833333333334e+00,  7.486798429997702e-01,  3.711099454848266e-01,  6.354256814736034e-02,  9.529183926632934e-01,  1.199124610198729e-01,  4.026505854172215e-02
  4.950000000000000e+00,  7.476005613637643e-01,  3.692135788944937e-01,  6.604613342499802e-02,  9.578736929937705e-01,  1.188391165290965e-01,  3.740028613595639e-02
  4.954166666666667e+00,  7.465642946856250e-01,  3.672763599842430e-01,  6.843267635854791e-02,  9.625522946858418e-01,  1.177740492944606e-01,  3.456086243210291e-02
  4.958333333333334e+00,  7.455676177367520e-01,  3.652996541619771e-01,  7.070444510727658e-02,  9.669607437526738e-01,  1.167230421080779e-01,  3.174731870784174e-02
  4.962500000000000e+00,  7.446073562606177e-01,  3.632853786276897e-01,  7.286369106619660e-02,  9.711057870820993e-01,  1.156909483422554e-01,  2.896033070570127e-02
  4.966666666666667e+00,  7.436787747495769e-01,  3.612347914712275e-01,  7.491353909338178e-02,  9.749940503403605e-01,  1.146818332361887e-01,  2.620115398439359e-02
  4.970833333333333e+00,  7.427772732098541e-01,  3.591493916022830e-01,  7.685703417767666e-02,  9.786322942257166e-01,  1.136989585452136e-01,  2.347128334068450e-02
  4.975000000000001e+00,  7.418980923504893e-01,  3.570308645561575e-01,  7.869697131983316e-02,  9.820275683619036e-01,  1.127448245209248e-01,  2.077245261906068e-02
  4.979166666666667e+00,  7.410366195842045e-01,  3.548806220946199e-01,  8.043641727249054e-02,  9.851866704738367e-01,  1.118213357001890e-01,  1.810675963240749e-02
  4.983333333333333e+00,  7.401883003453992e-01,  3.527003698813687e-01,  8.207783596868687e-02,  9.881168503511443e-01,  1.109297422971881e-01,  1.547643311395088e-02
  4.987500000000001e+00,  7.393490427221132e-01,  3.504916413203496e-01,  8.362372111794414e-02,  9.908251779353113e-01,  1.100708288422755e-01,  1.288394163247136e-02
  4.991666666666667e+00,  7.385150815205345e-01,  3.482561095644652e-01,  8.507609423878568e-02,  9.933189714349396e-01,  1.092448895822283e-01,  1.033184575340484e-02
  4.995833333333334e+00,  7.376831654550329e-01,  3.459954744698628e-01,  8.643667239674645e-02,  9.956056077159249e-01,  1.084518222505605e-01,  7.822786680783777e-03
  5.000000000000000e+00,  7.368508541737923e-01,  3.437116128894360e-01,  8.770677132378027e-02,  9.976925602909663e-01,  1.076911954303432e-01,  5.359358244463919e-03
  5.004166666666667e+00,  7.360154506284660e-01,  3.414060970602808e-01,  8.888751684061488e-02,  9.995873222288264e-01,  1.069622274960295e-01,  2.944355382507038e-03
  5.008333333333334e+00,  7.351756734186174e-01,  3.390809447355538e-01,  8.997952451996799e-02,  1.001297478573833e+00,  1.062639468373247e-01,  5.802898703297019e-04
  5.012500000000000e+00,  7.343305637843007e-01,  3.367381363504383e-01,  9.098313292867415e-02,  1.002830633013629e+00,  1.055951678803416e-01, -1.730367447739806e-03
  5.016666666666667e+00,  7.334797426311775e-01,  3.343797424313213e-01,  9.189837811742149e-02,  1.004194392170225e+00,  1.049545494436666e-01, -3.985301362747239e-03
  5.020833333333334e+00,  7.326233824107903e-01,  3.320079353816374e-01,  9.272502416658158e-02,  1.005396344221565e+00,  1.043406305820586e-01, -6.182395647512730e-03
  5.025000000000000e+00,  7.317621584192571e-01,  3.296249931468378e-01,  9.346260502888371e-02,  1.006444030555412e+00,  1.037518643267534e-01, -8.319766335261446e-03
  5.029166666666667e+00,  7.308971900977607e-01,  3.272332977292061e-01,  9.411046958505541e-02,  1.007344916703341e+00,  1.031866490785589e-01, -1.039578528734785e-02
  5.033333333333333e+00,  7.300299753418119e-01,  3.248353281333889e-01,  9.466783132178117e-02,  1.008106364210615e+00,  1.026433571868691e-01, -1.240909440665656e-02
  5.037500000000000e+00,  7.291623156152259e-01,  3.224336468303519e-01,  9.513382711841480e-02,  1.008735603409622e+00,  1.021203602947056e-01, -1.435861122715637e-02
  5.041666666666667e+00,  7.282962270131963e-01,  3.200308782649541e-01,  9.550758809233430e-02,  1.009239707380033e+00,  1.016160509020984e-01, -1.624352730111399e-02
  5.045833333333333e+00,  7.274338320337297e-01,  3.176296825235294e-01,  9.578831941444431e-02,  1.009625583052645e+00,  1.011288573783182e-01, -1.806330669757924e-02
  5.050000000000001e+00,  7.265772036403209e-01,  3.152327210264598e-01,  9.597539601821466e-02,  1.009900023149587e+00,  1.006572485224333e-01, -1.981770120834486e-02
  5.054166666666667e+00,  7.257285197072028e-01,  3.128426415107728e-01,  9.606834938147958e-02,  1.010069347775147e+00,  1.001997560156036e-01, -2.150661007269974e-02
  5.058333333333334e+00,  7.248898776350478e-01,  3.104621023404501e-01,  9.606690144603348e-02,  1.010139610143736e+00,  9.975494886687235e-02, -2.313014338432789e-02
  5.062500000000000e+00,  7.240630609781967e-01,  3.080936163252266e-01,  9.597116265278306e-02,  1.010116652800956e+00,  9.932143536521040e-02, -2.468861984570574e-02
  5.066666666666666e+00,  7.232495940836811e-01,  3.057395722511935e-01,  9.578159277098734e-02,  1.010006016405040e+00,  9.889785819151847e-02, -2.618251976558569e-02
  5.070833333333334e+00,  7.224506921580652e-01,  3.034022016469751e-01,  9.549903832721031e-02,  1.009812927338987e+00,  9.848289811445821e-02, -2.761246481547289e-02
  5.075000000000000e+00,  7.216672153980530e-01,  3.010835507189507e-01,  9.512476276197264e-02,  1.009542288304864e+00,  9.807528418966020e-02, -2.897919856234644e-02
  5.079166666666667e+00,  7.208996337875646e-01,  2.987854543802326e-01,  9.466046796441990e-02,  1.009198671183539e+00,  9.767380526245166e-02, -3.028356720899151e-02
  5.083333333333334e+00,  7.201480140206965e-01,  2.965095132978486e-01,  9.410830208131575e-02,  1.008786315287766e+00,  9.727731820121047e-02, -3.152650217021340e-02
  5.087500000000000e+00,  7.194120294383968e-01,  2.942570737463306e-01,  9.347085325926686e-02,  1.008309131281256e+00,  9.688475410535273e-02, -3.270900506586927e-02
  5.091666666666667e+00,  7.186909815336868e-01,  2.920292090927061e-01,  9.275113548818449e-02,  1.007770707495032e+00,  9.649512551319363e-02, -3.383213464514907e-02
  5.095833333333333e+00,  7.179838238710329e-01,  2.898267041794815e-01,  9.195257251619984e-02,  1.007174316497620e+00,  9.610753417988667e-02, -3.489699554121253e-02
  5.100000000000001e+00,  7.172882763734630e-01,  2.876486381543075e-01,  9.108010542382695e-02,  1.006522381414327e+00,  9.572103693917197e-02, -3.590410099059922e-02
  5.104166666666667e+00,  7.166045492813287e-01,  2.854980344740434e-01,  9.013566626585044e-02,  1.005818650239789e+00,  9.533521327063238e-02, -3.685588890231999e-02
  5.108333333333333e+00,  7.159298485756855e-01,  2.833733974359958e-01,  8.912487819379153e-02,  1.005064990429359e+00,  9.494929489421462e-02, -3.775291669349633e-02
  5.112500000000001e+00,  7.152621506679437e-01,  2.812743752378728e-01,  8.805254428527928e-02,  1.004263541135681e+00,  9.456274414592931e-02, -3.859639160177320e-02
  5.116666666666667e+00,  7.145993352817154e-01,  2.792003815470059e-01,  8.692371040770586e-02,  1.003416206687558e+00,  9.417509004069480e-02, -3.938752974663618e-02
  5.120833333333334e+00,  7.139392401925384e-01,  2.771506242890458e-01,  8.574363141755087e-02,  1.002524673612282e+00,  9.378591178174482e-02, -4.012755237158323e-02
  5.125000000000000e+00,  7.132797090955868e-01,  2.751241520921488e-01,  8.451773868250816e-02,  1.001590429944219e+00,  9.339481923459861e-02, -4.081768923889920e-02
  5.129166666666666e+00,  7.126193679382227e-01,  2.731211786325427e-01,  8.325051560227126e-02,  1.000615352187141e+00,  9.300151437785652e-02, -4.145972344238773e-02
  5.133333333333334e+00,  7.119546729632467e-01,  2.711380189753891e-01,  8.194986248779415e-02,  9.995994428836286e-01,  9.260543477375711e-02, -4.205382907327629e-02
  5.137500000000000e+00,  7.112844578988882e-01,  2.691748283463966e-01,  8.062045168042710e-02,  9.985442540022530e-01,  9.220625138521475e-02, -4.260184572480293e-02
  5.141666666666667e+00,  7.106069182039333e-01,  2.672304630542071e-01,  7.926808971104399e-02,  9.974506155198722e-01,  9.180350329386824e-02, -4.310508054380268e-02
  5.145833333333334e+00,  7.099203901254393e-01,  2.653037797475248e-01,  7.789856920026896e-02,  9.963191984755072e-01,  9.139667821497785e-02, -4.356485627367614e-02
  5.150000000000000e+00,  7.092233506701736e-01,  2.633936387288311e-01,  7.651763044243959e-02,  9.951505077597578e-01,  9.098520687473464e-02, -4.398250954058274e-02
  5.154166666666667e+00,  7.085144093933751e-01,  2.614989087717912e-01,  7.513093297201698e-02,  9.939448750656434e-01,  9.056846133900512e-02, -4.435939281409599e-02
  5.158333333333333e+00,  7.077923000877268e-01,  2.596184768971828e-01,  7.374403013665772e-02,  9.927024561317230e-01,  9.014575688754624e-02, -4.469688010299237e-02
  5.162500000000001e+00,  7.070558765361354e-01,  2.577512608233545e-01,  7.236234263114404e-02,  9.914232328212055e-01,  8.971635744835101e-02, -4.499637448496065e-02
  5.166666666666667e+00,  7.063041084768082e-01,  2.558962174149257e-01,  7.099113186579441e-02,  9.901070170539139e-01,  8.927948461435234e-02, -4.525931411721084e-02
  5.170833333333333e+00,  7.055360735091862e-01,  2.540523426355059e-01,  6.963547342556917e-02,  9.887534544474779e-01,  8.883432993479201e-02, -4.548717425155223e-02
  5.175000000000001e+00,  7.047509473215917e-01,  2.522186666589559e-01,  6.830022842256472e-02,  9.873620295896812e-01,  8.838007010246475e-02, -4.568146617136562e-02
  5.179166666666667e+00,  7.039479968823995e-01,  2.503942509043737e-01,  6.699001268858434e-02,  9.859320759654374e-01,  8.791588530511565e-02, -4.584373582721876e-02
  5.183333333333334e+00,  7.031265770258760e-01,  2.485781880042455e-01,  6.570916702453514e-02,  9.844627906940600e-01,  8.744098151114865e-02, -4.597556304893748e-02
  5.187500000000000e+00,  7.022861281401556e-01,  2.467696003735735e-01,  6.446173091833877e-02,  9.829532522072824e-01,  8.695461630766085e-02, -4.607855963034502e-02
  5.191666666666666e+00,  7.014261755362160e-01,  2.449676350645613e-01,  6.325141839133423e-02,  9.814024402874550e-01,  8.645612594350510e-02, -4.615436480568936e-02
  5.195833333333334e+00,  7.005463347454738e-01,  2.431714575696511e-01,  6.208159259655724e-02,  9.798092599960914e-01,  8.594495111436977e-02, -4.620463895926357e-02
  5.200000000000000e+00,  6.996463263433513e-01,  2.413802482599370e-01,  6.095523732955997e-02,  9.781725713570915e-01,  8.542066079235748e-02, -4.623105761198013e-02
  5.204166666666667e+00,  6.987259999626992e-01,  2.395932025578571e-01,  5.987492628409971e-02,  9.764912253341431e-01,  8.488297437771175e-02, -4.623530667442620e-02
  5.208333333333334e+00,  6.977853620649594e-01,  2.378095334975259e-01,  5.884279334357085e-02,  9.747641040483316e-01,  8.433178174770459e-02, -4.621907834714293e-02
  5.212500000000000e+00,  6.968245977224872e-01,  2.360284736162801e-01,  5.786050928047751e-02,  9.729901601382598e-01,  8.376716014552517e-02, -4.618406638997430e-02
  5.216666666666667e+00,  6.958440787255170e-01,  2.342492729739045e-01,  5.692926868827127e-02,  9.711684502091890e-01,  8.318938716351196e-02, -4.613196016563701e-02
  5.220833333333333e+00,  6.948443604655730e-01,  2.324711943025004e-01,  5.604978499133228e-02,  9.692981624565289e-01,  8.259894929747559e-02, -4.606443877483785e-02
  5.225000000000001e+00,  6.938261786313412e-01,  2.306935120520395e-01,  5.522228729646383e-02,  9.673786438510068e-01,  8.199654514203522e-02, -4.598316796436951e-02
  5.229166666666667e+00,  6.927904536140456e-01,  2.289155204622926e-01,  5.444651536233971e-02,  9.654094308815100e-01,  8.138308200465520e-02, -4.588980049019360e-02
  5.233333333333333e+00,  6.917382987952972e-01,  2.271365459236121e-01,  5.372171497077786e-02,  9.633902806527197e-01,  8.075966530716497e-02, -4.578597624423557e-02
  5.237500000000001e+00,  6.906710222681993e-01,  2.253559540825276e-01,  5.304663972050998e-02,  9.613211948472029e-01,  8.012758161124141e-02, -4.567331749653470e-02
  5.241666666666667e+00,  6.895901172234928e-01,  2.235731501624287e-01,  5.241956378613227e-02,  9.592024329791117e-01,  7.948827740750732e-02, -4.555341936000611e-02
  5.245833333333334e+00,  6.884972448193915e-01,  2.217875796489499e-01,  5.183830553284505e-02,  9.570345177362980e-01,  7.884333574956959e-02, -4.542784000411474e-02
  5.250000000000000e+00,  6.873942134336168e-01,  2.199987332139535e-01,  5.130025910344805e-02,  9.548182358150157e-01,  7.819445165818822e-02, -4.529809357971326e-02
  5.254166666666667e+00,  6.862829541054750e-01,  2.182061517930800e-01,  5.080243144450679e-02,  9.525546340243481e-01,  7.754340631215456e-02, -4.516564451028528e-02
  5.258333333333334e+00,  6.851654929313722e-01,  2.164094283362132e-01,  5.034148284231345e-02,  9.502450097116766e-01,  7.689204011059576e-02, -4.503190110120516e-02
  5.262500000000000e+00,  6.840439234613321e-01,  2.146082095177473e-01,  4.991376971238842e-02,  9.478908971334611e-01,  7.624222535614672e-02, -4.489820924887408e-02
  5.266666666666667e+00,  6.829203791711850e-01,  2.128022026045502e-01,  4.951539035492054e-02,  9.454940521517929e-01,  7.559583978672929e-02, -4.476584869465389e-02
  5.270833333333334e+00,  6.817970017436288e-01,  2.109911872294856e-01,  4.914223549393004e-02,  9.430564351265736e-01,  7.495474212434350e-02, -4.463603261559635e-02
  5.275000000000000e+00,  6.806759013239175e-01,  2.091750254830060e-01,  4.879004376872067e-02,  9.405801894147811e-01,  7.432075047151013e-02, -4.450990844458379e-02
  5.279166666666667e+00,  6.795591103884573e-01,  2.073536638666731e-01,  4.845445971261845e-02,  9.380676138010212e-01,  7.369562393593423e-02, -4.438855719181120e-02
  5.283333333333333e+00,  6.784485388248980e-01,  2.055271278254931e-01,  4.813109072194958e-02,  9.355211309165211e-01,  7.308104726502271e-02, -4.427299113559287e-02
  5.287500000000000e+00,  6.773459382806657e-01,  2.036955151753133e-01,  4.781556030263383e-02,  9.329432560402700e-01,  7.247861784697053e-02, -4.416415213406097e-02
  5.291666666666667e+00,  6.762528784402462e-01,  2.018589921922103e-01,  4.750355586317747e-02,  9.303365691484652e-01,  7.188983453911708e-02, -4.406291180922400e-02
  5.295833333333333e+00,  6.751707325011120e-01,  2.000177908230285e-01,  4.719087057471513e-02,  9.277036899182498e-01,  7.131608817433392e-02, -4.397007243306027e-02
  5.300000000000001e+00,  6.741006676909439e-01,  1.981722049578862e-01,  4.687344105832733e-02,  9.250472538928255e-01,  7.075865378087851e-02, -4.388636706542944e-02
  5.304166666666667e+00,  6.730436394356352e-01,  1.963225867458003e-01,  4.654738294219751e-02,  9.223698893240748e-01,  7.021868437009807e-02, -4.381245909345051e-02
  5.308333333333334e+00,  6.720003921050257e-01,  1.944693459282019e-01,  4.620902312348127e-02,  9.196741967204763e-01,  6.969720591500746e-02, -4.374894238613119e-02
  5.312500000000000e+00,  6.709714684685218e-01,  1.926129536444106e-01,  4.585492601431469e-02,  9.169627330258587e-01,  6.919511323748233e-02, -4.369634265721160e-02
  5.316666666666666e+00,  6.699572227333157e-01,  1.907539473318991e-01,  4.548191404856971e-02,  9.142379987176683e-01,  6.871316672575838e-02, -4.365511898871299e-02
  5.320833333333334e+00,  6.689578291174810e-01,  1.888929305736413e-01,  4.508708456116403e-02,  9.115024241217506e-01,  6.825198983752484e-02, -4.362566382479877e-02
  5.325000000000000e+00,  6.679732859508237e-01,  1.870305660042562e-01,  4.466782185880019e-02,  9.087583543881187e-01,  6.781206761417519e-02, -4.360830112344480e-02
  5.329166666666667e+00,  6.670034238888080e-01,  1.851675660866137e-01,  4.422180058302750e-02,  9.060080364303537e-01,  6.739374694013474e-02, -4.360328404960569e-02
  5.333333333333334e+00,  6.660479242692569e-01,  1.833046868355810e-01,  4.374697974734607e-02,  9.032536102707073e-01,  6.699723923584394e-02, -4.361079346674807e-02
  5.337500000000000e+00,  6.651063439220420e-01,  1.814427231339621e-01,  4.324159186448036e-02,  9.004971032811862e-01,  6.662262567581652e-02, -4.363093679543673e-02
  5.341666666666667e+00,  6.641781376855004e-01,  1.795825000908509e-01,  4.270413222380293e-02,  8.977404240911315e-01,  6.626986455017723e-02, -4.366374597390468e-02
  5.345833333333333e+00,  6.632626739867206e-01,  1.777248590538845e-01,  4.213335031951219e-02,  8.949853552203469e-01,  6.593880011669738e-02, -4.370917481856642e-02
  5.350000000000000e+00,  6.623592475754611e-01,  1.758706447910150e-01,  4.152824197152121e-02,  8.922335472035592e-01,  6.562917216637268e-02, -4.376709831156820e-02
  5.354166666666667e+00,  6.614670978881046e-01,  1.740207014337551e-01,  4.088803884056869e-02,  8.894865180532388e-01,  6.534062582941584e-02, -4.383731580611754e-02
  5.358333333333333e+00,  6.605854349693846e-01,  1.721758751616838e-01,  4.021219392373272e-02,  8.867456581215993e-01,  6.507272167274220e-02, -4.391955614329791e-02
  5.362500000000001e+00,  6.597134640592792e-01,  1.703370118699423e-01,  3.950036614241453e-02,  8.840122353437752e-01,  6.482494614133646e-02, -4.401347948087267e-02
  5.366666666666667e+00,  6.588504000950652e-01,  1.685049417536839e-01,  3.875240810562715e-02,  8.812873964043937e-01,  6.459672186363921e-02, -4.411867294327190e-02
  5.370833333333334e+00,  6.579952842728807e-01,  1.666805530083755e-01,  3.796849973125795e-02,  8.785721999925712e-01,  6.438758642221561e-02, -4.423483035855049e-02
  5.375000000000000e+00,  6.571477985758997e-01,  1.648644102557995e-01,  3.714854084006591e-02,  8.758674960359042e-01,  6.419652254211723e-02, -4.436100176780535e-02
  5.379166666666666e+00,  6.563070608887617e-01,  1.630572850288110e-01,  3.629303317657517e-02,  8.731741153154078e-01,  6.402299095800436e-02, -4.449671329072911e-02
  5.383333333333334e+00,  6.554725143442343e-01,  1.612598287982572e-01,  3.540242894767356e-02,  8.704927808004386e-01,  6.386625497519230e-02, -4.464122994491732e-02
  5.387500000000000e+00,  6.546437297406998e-01,  1.594726550586696e-01,  3.447726635246601e-02,  8.678241447394078e-01,  6.372556030760478e-02, -4.479374446309836e-02
  5.391666666666667e+00,  6.538204049413360e-01,  1.576963299711758e-01,  3.351815747693475e-02,  8.651687916506881e-01,  6.360014174006383e-02, -4.495337796011855e-02
  5.395833333333334e+00,  6.530023536376631e-01,  1.559313583500685e-01,  3.252578280237090e-02,  8.625272357439324e-01,  6.348922911365443e-02, -4.511918028886023e-02
  5.400000000000000e+00,  6.521895006422848e-01,  1.541781792065384e-01,  3.150088567747297e-02,  8.598999207374990e-01,  6.339205427344649e-02, -4.529013570795624e-02
  5.404166666666667e+00,  6.513818930121430e-01,  1.524371792252539e-01,  3.044426424917622e-02,  8.572872266731361e-01,  6.330785942378582e-02, -4.546517657376017e-02
  5.408333333333333e+00,  6.505797216844729e-01,  1.507087184860962e-01,  2.935676116098676e-02,  8.546894818212751e-01,  6.323590603717931e-02, -4.564320218884250e-02
  5.412500000000000e+00,  6.497833391259749e-01,  1.489931526962087e-01,  2.823925113578690e-02,  8.521069736209446e-01,  6.317548270231274e-02, -4.582309607993856e-02
  5.416666666666667e+00,  6.489932602017398e-01,  1.472908392374788e-01,  2.709262777518169e-02,  8.495399532058671e-01,  6.312591068154362e-02, -4.600373621209534e-02
