Main.Studies.MarkerTracking.t,Main.Studies.MarkerTracking.JointAngleOutputs.OutputFile_LeftLeg.HipFlexion,Main.Studies.MarkerTracking.JointAngleOutputs.OutputFile_LeftLeg.HipAbduction,Main.Studies.MarkerTracking.JointAngleOutputs.OutputFile_LeftLeg.HipExternalRotation,Main.Studies.MarkerTracking.JointAngleOutputs.OutputFile_LeftLeg.KneeFlexion,Main.Studies.MarkerTracking.JointAngleOutputs.OutputFile_LeftLeg.AnklePlantarFlexion,Main.Studies.MarkerTracking.JointAngleOutputs.OutputFile_LeftLeg.SubTalarEversion
  4.583333333333333e-02,  9.341526333082235e-01,  2.608613942565758e-01,  1.349425624703648e-01,  5.818066140254317e-01,  3.866831265989189e-01,  5.466638778310821e-02
  5.000000000000000e-02,  9.314310115870109e-01,  2.615007431367424e-01,  1.359086590292254e-01,  5.877426600936220e-01,  3.951115435797978e-01,  5.488736110452645e-02
  5.416666666666666e-02,  9.295934299931791e-01,  2.617242640833268e-01,  1.366225770595559e-01,  5.946806599676404e-01,  4.013503981236550e-01,  5.432386164931825e-02
  5.833333333333333e-02,  9.285692180228599e-01,  2.615828432655338e-01,  1.371198548681001e-01,  6.025309954313292e-01,  4.055362133180800e-01,  5.299839451921426e-02
  6.250000000000000e-02,  9.282928701231719e-01,  2.611301960371912e-01,  1.374241772089105e-01,  6.112344500535698e-01,  4.078555323806188e-01,  5.096484184701877e-02
  6.666666666666667e-02,  9.287065159685046e-01,  2.604155057898245e-01,  1.375533539001649e-01,  6.207545920493528e-01,  4.085085209493273e-01,  4.829120787769603e-02
  7.083333333333333e-02,  9.297641775803230e-01,  2.594840665644969e-01,  1.375186236061813e-01,  6.310720703316648e-01,  4.076922051147957e-01,  4.504995167378400e-02
  7.500000000000000e-02,  9.314291857158626e-01,  2.583753701607494e-01,  1.373273455495087e-01,  6.421757848783877e-01,  4.055901324883738e-01,  4.131272051605409e-02
  7.916666666666666e-02,  9.336709861760313e-01,  2.571223092298378e-01,  1.369865648744889e-01,  6.540602139945733e-01,  4.023701903305053e-01,  3.714725261419628e-02
  8.333333333333333e-02,  9.364660435311687e-01,  2.557540042758542e-01,  1.365012086005394e-01,  6.667222114372545e-01,  3.981852786237743e-01,  3.261676233520185e-02
  8.749999999999999e-02,  9.397947022669297e-01,  2.542950826521817e-01,  1.358761954824543e-01,  6.801586829109790e-01,  3.931741161425831e-01,  2.777951538336495e-02
  9.166666666666666e-02,  9.436402271079679e-01,  2.527665525041647e-01,  1.351164390081676e-01,  6.943652222137552e-01,  3.874629765632558e-01,  2.268898814109872e-02
  9.583333333333333e-02,  9.479875278516472e-01,  2.511861691096857e-01,  1.342274311519947e-01,  7.093353587875486e-01,  3.811672379637260e-01,  1.739401961879070e-02
  9.999999999999999e-02,  9.528231888084409e-01,  2.495693307338802e-01,  1.332139040117197e-01,  7.250593372615719e-01,  3.743928831838942e-01,  1.193939630552336e-02
  1.041666666666667e-01,  9.581336510191205e-01,  2.479287450064305e-01,  1.320819205657351e-01,  7.415246947478800e-01,  3.672374527781873e-01,  6.365623470625364e-03
  1.083333333333333e-01,  9.639053898230223e-01,  2.462748857905386e-01,  1.308372740673622e-01,  7.587152445196544e-01,  3.597912045537252e-01,  7.094581809549073e-04
  1.125000000000000e-01,  9.701249191990867e-01,  2.446171499049679e-01,  1.294868701571963e-01,  7.766123299008554e-01,  3.521371514619778e-01, -4.996127174420680e-03
  1.166666666666667e-01,  9.767778471906176e-01,  2.429625218964901e-01,  1.280370350445354e-01,  7.951932667505137e-01,  3.443524266075157e-01, -1.072158335382767e-02
  1.208333333333333e-01,  9.838492965315664e-01,  2.413167769998681e-01,  1.264945343910980e-01,  8.144326665923952e-01,  3.365080801046943e-01, -1.644080980663946e-02
  1.250000000000000e-01,  9.913240483866153e-01,  2.396846144805256e-01,  1.248660597217805e-01,  8.343024516232675e-01,  3.286693161840999e-01, -2.213092141027523e-02
  1.291666666666667e-01,  9.991853947483734e-01,  2.380687931051984e-01,  1.231589244158357e-01,  8.547721723025880e-01,  3.208960992415799e-01, -2.777241644062282e-02
  1.333333333333333e-01,  1.007416996522116e+00,  2.364717296670062e-01,  1.213798631969478e-01,  8.758094151724151e-01,  3.132425517682855e-01, -3.334862172824697e-02
  1.375000000000000e-01,  1.016001807767271e+00,  2.348946040310258e-01,  1.195357476369546e-01,  8.973801893004382e-01,  3.057574091248725e-01, -3.884583879730402e-02
  1.416666666666667e-01,  1.024922516425689e+00,  2.333377056566119e-01,  1.176333120390274e-01,  9.194493228155047e-01,  2.984839124455391e-01, -4.425311896486617e-02
  1.458333333333333e-01,  1.034161665525870e+00,  2.318005053296190e-01,  1.156791138721834e-01,  9.419808598623184e-01,  2.914597907498846e-01, -4.956210257985780e-02
  1.500000000000000e-01,  1.043701531193601e+00,  2.302816938884371e-01,  1.136799470774919e-01,  9.649386441926272e-01,  2.847170901638726e-01, -5.476688898013450e-02
  1.541666666666666e-01,  1.053525166367812e+00,  2.287793389390844e-01,  1.116410218608282e-01,  9.882858180528014e-01,  2.782827755469012e-01, -5.986367647344761e-02
  1.583333333333334e-01,  1.063615146461553e+00,  2.272907951023140e-01,  1.095685264203611e-01,  1.011986346564694e+00,  2.721778604137700e-01, -6.485082586560817e-02
  1.625000000000000e-01,  1.073954744714484e+00,  2.258129787567762e-01,  1.074677127750207e-01,  1.036004432846993e+00,  2.664179202776753e-01, -6.972843295923614e-02
  1.666666666666667e-01,  1.084526352140706e+00,  2.243415520214114e-01,  1.053445215647197e-01,  1.060305082912793e+00,  2.610136629667794e-01, -7.449851019645984e-02
  1.708333333333333e-01,  1.095314602165078e+00,  2.228727645698165e-01,  1.032028768608290e-01,  1.084853850929326e+00,  2.559696986925052e-01, -7.916402715533767e-02
  1.750000000000000e-01,  1.106302332966850e+00,  2.214012571144086e-01,  1.010483516067279e-01,  1.109617516517087e+00,  2.512863282223854e-01, -8.372965614977065e-02
  1.791666666666667e-01,  1.117473739940674e+00,  2.199214784687920e-01,  9.888479905620140e-02,  1.134563281250268e+00,  2.469591832575486e-01, -8.820089060650467e-02
  1.833333333333333e-01,  1.128812813749888e+00,  2.184274797069474e-01,  9.671666248356531e-02,  1.159659589566582e+00,  2.429789894675453e-01, -9.258406839751719e-02
  1.875000000000000e-01,  1.140303586986369e+00,  2.169126871255802e-01,  9.454812714488943e-02,  1.184875566950926e+00,  2.393326176080345e-01, -9.688618007615378e-02
  1.916666666666667e-01,  1.151930045981712e+00,  2.153700199271622e-01,  9.238337208651318e-02,  1.210181022264388e+00,  2.360033203859851e-01, -1.011146491398578e-01
  1.958333333333333e-01,  1.163676062777399e+00,  2.137919188772348e-01,  9.022666046354291e-02,  1.235546308631632e+00,  2.329712145571529e-01, -1.052771324435557e-01
  2.000000000000000e-01,  1.175525054052897e+00,  2.121703236476145e-01,  8.808276581441364e-02,  1.260942244204608e+00,  2.302138268385304e-01, -1.093813670349334e-01
  2.041666666666667e-01,  1.187461432021457e+00,  2.104970670790121e-01,  8.595540086054937e-02,  1.286339578676780e+00,  2.277064895899568e-01, -1.134347667013717e-01
  2.083333333333333e-01,  1.199467599863104e+00,  2.087632719646655e-01,  8.385072109799790e-02,  1.311709614915068e+00,  2.254231950098075e-01, -1.174446889560318e-01
  2.125000000000000e-01,  1.211526743745589e+00,  2.069601327186243e-01,  8.177434744671716e-02,  1.337023406016777e+00,  2.233367828899272e-01, -1.214178619233624e-01
  2.166666666666667e-01,  1.223622542489414e+00,  2.050788701946376e-01,  7.973185303339968e-02,  1.362251772148606e+00,  2.214195237223108e-01, -1.253603314528834e-01
  2.208333333333333e-01,  1.235738296803047e+00,  2.031107157466296e-01,  7.772993054797210e-02,  1.387365478510273e+00,  2.196437116420270e-01, -1.292775059294383e-01
  2.250000000000000e-01,  1.247856689746463e+00,  2.010471970280083e-01,  7.577704699045058e-02,  1.412335405452748e+00,  2.179817383234003e-01, -1.331740710238987e-01
  2.291666666666667e-01,  1.259962017454836e+00,  1.988804599490186e-01,  7.388080717828036e-02,  1.437131939107334e+00,  2.164069414809667e-01, -1.370538695633398e-01
  2.333333333333333e-01,  1.272038644591496e+00,  1.966035292605013e-01,  7.205060484056995e-02,  1.461725845128259e+00,  2.148925194827634e-01, -1.409198670757376e-01
  2.375000000000000e-01,  1.284071713276132e+00,  1.942104262103703e-01,  7.029621718762435e-02,  1.486087822440317e+00,  2.134132802136792e-01, -1.447745029056638e-01
  2.416666666666667e-01,  1.296048481166017e+00,  1.916966435610421e-01,  6.862710192985516e-02,  1.510188803789632e+00,  2.119442030120323e-01, -1.486194383876254e-01
  2.458333333333333e-01,  1.307956379582452e+00,  1.890592884715918e-01,  6.705445874961069e-02,  1.534000400816872e+00,  2.104609501083506e-01, -1.524560336772669e-01
  2.500000000000000e-01,  1.319785292540384e+00,  1.862974337254610e-01,  6.558878275543878e-02,  1.557494703867973e+00,  2.089393853606811e-01, -1.562853199351429e-01
  2.541666666666667e-01,  1.331525365659564e+00,  1.834124188369832e-01,  6.424225466094652e-02,  1.580644826593012e+00,  2.073555053266539e-01, -1.601084698588854e-01
  2.583333333333333e-01,  1.343170896277707e+00,  1.804079776858527e-01,  6.302440369910531e-02,  1.603424450557162e+00,  2.056845869484340e-01, -1.639266700066041e-01
  2.625000000000000e-01,  1.354715555905576e+00,  1.772906271427714e-01,  6.194721832395627e-02,  1.625808679086457e+00,  2.039011589974950e-01, -1.677418489336120e-01
  2.666666666666667e-01,  1.366157564441780e+00,  1.740695504121410e-01,  6.101919250472965e-02,  1.647773312627249e+00,  2.019780537155135e-01, -1.715564942316938e-01
  2.708333333333334e-01,  1.377494831875106e+00,  1.707570301962953e-01,  6.025043323495455e-02,  1.669295567573708e+00,  1.998861536789941e-01, -1.753743520602454e-01
  2.750000000000000e-01,  1.388728379464593e+00,  1.673682128959539e-01,  5.964854250216697e-02,  1.690353525969729e+00,  1.975934911744582e-01, -1.792003988366203e-01
  2.791666666666667e-01,  1.399860694211156e+00,  1.639211961246516e-01,  5.922007980680803e-02,  1.710926245910479e+00,  1.950646585806315e-01, -1.830412308919670e-01
  2.833333333333333e-01,  1.410895494545346e+00,  1.604369813745903e-01,  5.897043098191802e-02,  1.730993576043510e+00,  1.922601304453088e-01, -1.869053134171790e-01
  2.875000000000000e-01,  1.421838820951664e+00,  1.569389704061686e-01,  5.890229369517408e-02,  1.750535780563396e+00,  1.891352227520358e-01, -1.908030465908954e-01
  2.916666666666667e-01,  1.432697099522493e+00,  1.534531365816318e-01,  5.901734841343408e-02,  1.769533343763808e+00,  1.856397901915937e-01, -1.947471127200473e-01
  2.958333333333333e-01,  1.443476926729995e+00,  1.500076120452016e-01,  5.931631138134024e-02,  1.787966545492516e+00,  1.817170245258049e-01, -1.987525111959332e-01
  3.000000000000000e-01,  1.454186508452186e+00,  1.466320378560897e-01,  5.979696515128041e-02,  1.805814643250882e+00,  1.773030921221329e-01, -2.028364417485321e-01
  3.041666666666666e-01,  1.464834008176169e+00,  1.433573785604543e-01,  6.045582599752564e-02,  1.823055273891911e+00,  1.723265183906072e-01, -2.070182417748588e-01
  3.083333333333333e-01,  1.475427399816269e+00,  1.402156084772130e-01,  6.128808325543723e-02,  1.839663372439497e+00,  1.667084787524807e-01, -2.113190063436450e-01
  3.125000000000000e-01,  1.485975368363079e+00,  1.372385562202543e-01,  6.228670801765161e-02,  1.855609983327151e+00,  1.603620011956606e-01, -2.157607543481613e-01
  3.166666666666667e-01,  1.496485890451889e+00,  1.344586014952407e-01,  6.344346994734022e-02,  1.870860287871279e+00,  1.531964753508068e-01, -2.203653322535429e-01
  3.208333333333334e-01,  1.506965889517565e+00,  1.319074451989513e-01,  6.474981087978555e-02,  1.885372115785448e+00,  1.451168920027679e-01, -2.251525450109747e-01
  3.250000000000000e-01,  1.517423079091423e+00,  1.296155284216864e-01,  6.619416980179693e-02,  1.899092992003254e+00,  1.360316188111511e-01, -2.301371077218777e-01
  3.291666666666667e-01,  1.527865145055385e+00,  1.276138497628534e-01,  6.776105657774963e-02,  1.911955831495928e+00,  1.258736716593455e-01, -2.353236704828088e-01
  3.333333333333334e-01,  1.538299168309107e+00,  1.259305032799864e-01,  6.943238967040717e-02,  1.923878323680737e+00,  1.146006210603288e-01, -2.407017320544627e-01
  3.375000000000000e-01,  1.548731880732177e+00,  1.245921409316901e-01,  7.118356792050104e-02,  1.934759136108023e+00,  1.022304507025882e-01, -2.462374140060987e-01
  3.416666666666667e-01,  1.559168379553578e+00,  1.236227799721159e-01,  7.298168100359687e-02,  1.944478483471120e+00,  8.887131755192484e-02, -2.518652593608010e-01
  3.458333333333333e-01,  1.569610981180858e+00,  1.230407158921392e-01,  7.478295377414564e-02,  1.952903897548992e+00,  7.474726533306100e-02, -2.574824208642797e-01
  3.500000000000000e-01,  1.580054621991103e+00,  1.228573937139448e-01,  7.653278104801843e-02,  1.959902004610720e+00,  6.022441948968035e-02, -2.629480518603685e-01
  3.541666666666667e-01,  1.590483903635283e+00,  1.230719547386805e-01,  7.816777811324177e-02,  1.965358930168571e+00,  4.579056218284262e-02, -2.680946764859978e-01
  3.583333333333333e-01,  1.600868767148359e+00,  1.236691916958279e-01,  7.962213118258883e-02,  1.969202495586943e+00,  3.200770828471036e-02, -2.727500220663712e-01
  3.625000000000000e-01,  1.611164789404976e+00,  1.246144588582381e-01,  8.083828094038574e-02,  1.971419042646205e+00,  1.939483896979248e-02, -2.767682219668086e-01
  3.666666666666667e-01,  1.621314062903920e+00,  1.258602311842207e-01,  8.177386378763087e-02,  1.972054923275796e+00,  8.367558330008190e-03, -2.800503340825709e-01
  3.708333333333333e-01,  1.631252507412437e+00,  1.273452941701620e-01,  8.240964335332399e-02,  1.971202585134529e+00, -8.638865593181271e-04, -2.825576659530379e-01
  3.750000000000000e-01,  1.640915200738222e+00,  1.290061339363249e-01,  8.274485365877005e-02,  1.968980165487217e+00, -8.255569751679404e-03, -2.843019268527778e-01
  3.791666666666667e-01,  1.650242454207608e+00,  1.307791922364885e-01,  8.279443123941345e-02,  1.965510413775461e+00, -1.391794379338393e-02, -2.853326456555626e-01
  3.833333333333334e-01,  1.659180884034094e+00,  1.326072061855745e-01,  8.258358029048747e-02,  1.960907656214078e+00, -1.805078819547713e-02, -2.857203266353472e-01
  3.875000000000000e-01,  1.667685291522278e+00,  1.344397441173537e-01,  8.214221013055786e-02,  1.955270596809703e+00, -2.090025498797348e-02, -2.855439970355300e-01
  3.916666666666667e-01,  1.675717800577492e+00,  1.362340669953508e-01,  8.150155603073830e-02,  1.948680773650126e+00, -2.272220799674669e-02, -2.848827419484884e-01
  3.958333333333333e-01,  1.683247128102396e+00,  1.379544937842061e-01,  8.069173967179348e-02,  1.941203747326763e+00, -2.376045910419154e-02, -2.838109026871161e-01
  4.000000000000000e-01,  1.690246129017511e+00,  1.395724318370872e-01,  7.974202388588125e-02,  1.932891290106099e+00, -2.423550433754387e-02, -2.823959965157123e-01
  4.041666666666667e-01,  1.696692515068567e+00,  1.410642953533467e-01,  7.867824650446271e-02,  1.923784227156887e+00, -2.433942237021150e-02, -2.806975573033885e-01
  4.083333333333333e-01,  1.702566714702913e+00,  1.424114633934175e-01,  7.752409931412173e-02,  1.913914620460596e+00, -2.423542405826380e-02, -2.787672975339843e-01
  4.125000000000000e-01,  1.707851432223032e+00,  1.435996453795556e-01,  7.630073888542042e-02,  1.903308047328041e+00, -2.405898132178809e-02, -2.766491000084521e-01
  4.166666666666667e-01,  1.712531149536234e+00,  1.446173451440804e-01,  7.502731783635312e-02,  1.891984369969514e+00, -2.392071039531561e-02, -2.743806970011963e-01
  4.208333333333333e-01,  1.716591737309813e+00,  1.454569378073114e-01,  7.372046396133433e-02,  1.879960401672132e+00, -2.390806676996734e-02, -2.719925102922413e-01
  4.250000000000000e-01,  1.720020261334121e+00,  1.461133281429412e-01,  7.239485113495496e-02,  1.867249984214274e+00, -2.408883902361100e-02, -2.695094169167634e-01
  4.291666666666667e-01,  1.722804880778819e+00,  1.465839973544072e-01,  7.106317871418359e-02,  1.853865040166175e+00, -2.451341372545361e-02, -2.669510564170409e-01
  4.333333333333333e-01,  1.724934840763286e+00,  1.468688465305288e-01,  6.973626128757830e-02,  1.839816187327117e+00, -2.521705953276934e-02, -2.643324119203190e-01
  4.375000000000000e-01,  1.726400239469573e+00,  1.469704630622606e-01,  6.842341605456916e-02,  1.825113307929860e+00, -2.622203717248517e-02, -2.616641282035703e-01
  4.416666666666667e-01,  1.727193328002703e+00,  1.468924903013020e-01,  6.713132728475066e-02,  1.809765479596282e+00, -2.753902145388343e-02, -2.589539834704450e-01
  4.458333333333334e-01,  1.727306778209785e+00,  1.466418979712978e-01,  6.586603238427649e-02,  1.793781842882705e+00, -2.916908475576973e-02, -2.562059895326743e-01
  4.500000000000000e-01,  1.726735113507753e+00,  1.462272806692502e-01,  6.463174371893295e-02,  1.777171356726033e+00, -3.110468886032470e-02, -2.534217650001346e-01
  4.541666666666667e-01,  1.725474459024230e+00,  1.456591978459212e-01,  6.343134818224881e-02,  1.759943016113339e+00, -3.333082029351140e-02, -2.506007360580994e-01
  4.583333333333334e-01,  1.723522651874734e+00,  1.449500477194132e-01,  6.226655691210702e-02,  1.742105919314028e+00, -3.582588255163187e-02, -2.477405180884671e-01
  4.625000000000000e-01,  1.720879540376339e+00,  1.441140770046663e-01,  6.113786281675164e-02,  1.723669537771192e+00, -3.856286379852434e-02, -2.448366580651545e-01
  4.666666666666667e-01,  1.717546034286804e+00,  1.431667035512876e-01,  6.004566081863076e-02,  1.704642824699110e+00, -4.150821970350742e-02, -2.418853494835730e-01
  4.708333333333333e-01,  1.713525563916454e+00,  1.421251162005039e-01,  5.898902762214182e-02,  1.685035587204928e+00, -4.462488892931470e-02, -2.388801273048715e-01
  4.750000000000000e-01,  1.708823079777093e+00,  1.410075827662962e-01,  5.796682821251101e-02,  1.664857615642681e+00, -4.787106053775675e-02, -2.358144850170679e-01
  4.791666666666666e-01,  1.703445049759248e+00,  1.398327792957466e-01,  5.697759566094552e-02,  1.644118395179164e+00, -5.119980827044987e-02, -2.326827959254701e-01
  4.833333333333333e-01,  1.697399396261416e+00,  1.386234257664785e-01,  5.602084252226178e-02,  1.622830198123741e+00, -5.456567025246063e-02, -2.294736070758709e-01
  4.875000000000000e-01,  1.690696773367213e+00,  1.373960285894928e-01,  5.509346086064495e-02,  1.601000538083817e+00, -5.790947723870873e-02, -2.261862010242719e-01
  4.916666666666667e-01,  1.683346791526780e+00,  1.361766191360656e-01,  5.419699025683990e-02,  1.578644072211532e+00, -6.118296946421235e-02, -2.228061379075677e-01
  4.958333333333334e-01,  1.675361121950758e+00,  1.349829548051689e-01,  5.332924106684946e-02,  1.555769182417314e+00, -6.432024973327696e-02, -2.193341328790264e-01
  5.000000000000000e-01,  1.666753196704163e+00,  1.338383469604674e-01,  5.249070363035854e-02,  1.532389941938094e+00, -6.726471535661482e-02, -2.157596475047063e-01
  5.041666666666667e-01,  1.657535698478070e+00,  1.327651243962416e-01,  5.168337672873650e-02,  1.508519804694482e+00, -6.995439272490814e-02, -2.120765289877932e-01
  5.083333333333333e-01,  1.647722716194569e+00,  1.317842989441214e-01,  5.090859105136569e-02,  1.484172869100142e+00, -7.232531744223399e-02, -2.082799109022587e-01
  5.125000000000000e-01,  1.637328218824728e+00,  1.309170365034487e-01,  5.016934400177316e-02,  1.459364670387272e+00, -7.431321136590460e-02, -2.043652816916721e-01
  5.166666666666666e-01,  1.626367022448679e+00,  1.301842602753813e-01,  4.946933766062297e-02,  1.434112895272695e+00, -7.585592560576504e-02, -2.003274129871790e-01
  5.208333333333334e-01,  1.614853474922136e+00,  1.296060113098867e-01,  4.881364356854134e-02,  1.408436438128278e+00, -7.689078153833796e-02, -1.961630183231323e-01
  5.249999999999999e-01,  1.602802377273551e+00,  1.292014303691660e-01,  4.820789915540474e-02,  1.382356289170042e+00, -7.735741218963663e-02, -1.918692484861702e-01
  5.291666666666667e-01,  1.590227658792882e+00,  1.289896588664734e-01,  4.766052182693047e-02,  1.355896184879467e+00, -7.719946962945989e-02, -1.874433092302540e-01
  5.333333333333333e-01,  1.577143998718974e+00,  1.289880105815475e-01,  4.717963846209871e-02,  1.329081925679228e+00, -7.636361151656149e-02, -1.828837380418764e-01
  5.375000000000000e-01,  1.563565787256380e+00,  1.292130154115863e-01,  4.677503394015670e-02,  1.301942194852331e+00, -7.480172620974301e-02, -1.781896076506843e-01
  5.416666666666667e-01,  1.549507480854443e+00,  1.296799720509754e-01,  4.645774726660255e-02,  1.274508535180161e+00, -7.247147670906366e-02, -1.733607601186377e-01
  5.458333333333333e-01,  1.534983473391409e+00,  1.304029480626738e-01,  4.624021051995793e-02,  1.246815438155888e+00, -6.933669495064239e-02, -1.683980555294997e-01
  5.499999999999999e-01,  1.520009200437915e+00,  1.313943187949529e-01,  4.613521603231236e-02,  1.218900622581588e+00, -6.536944324936542e-02, -1.633026973954434e-01
  5.541666666666666e-01,  1.504599985851074e+00,  1.326651126637699e-01,  4.615723259784518e-02,  1.190804700289338e+00, -6.054831449474089e-02, -1.580773993941723e-01
  5.583333333333333e-01,  1.488772122126425e+00,  1.342246070987785e-01,  4.632142077057722e-02,  1.162571360628878e+00, -5.486004972372079e-02, -1.527257423506053e-01
  5.624999999999999e-01,  1.472543170051041e+00,  1.360801918228627e-01,  4.664319671192280e-02,  1.134247112293281e+00, -4.829901072218459e-02, -1.472524763086184e-01
  5.666666666666667e-01,  1.455931179960352e+00,  1.382375745952011e-01,  4.714002909504286e-02,  1.105881475797337e+00, -4.086768854108374e-02, -1.416633849702413e-01
  5.708333333333333e-01,  1.438956415667968e+00,  1.407001704168387e-01,  4.782838815353087e-02,  1.077526268130847e+00, -3.257518685508732e-02, -1.359656370459187e-01
  5.750000000000000e-01,  1.421640577267919e+00,  1.434693397209972e-01,  4.872542776056989e-02,  1.049235712077277e+00, -2.343730870130144e-02, -1.301675933977649e-01
  5.791666666666666e-01,  1.404007227516548e+00,  1.465442029945521e-01,  4.984827214191928e-02,  1.021066104369430e+00, -1.347561339207014e-02, -1.242788321756910e-01
  5.833333333333333e-01,  1.386081925978572e+00,  1.499215592195036e-01,  5.121375774643758e-02,  9.930755642181939e-01, -2.716536918937130e-03, -1.183100737437734e-01
  5.875000000000000e-01,  1.367892324413687e+00,  1.535958190253088e-01,  5.283813520433198e-02,  9.653237902890790e-01,  8.809550988879767e-03, -1.122730483153387e-01
  5.916666666666666e-01,  1.349467965016423e+00,  1.575590777914067e-01,  5.473707078360614e-02,  9.378718746031930e-01,  2.106964973571428e-02, -1.061804085399339e-01
  5.958333333333333e-01,  1.330841278736216e+00,  1.618006170494692e-01,  5.692396469048643e-02,  9.107819791686271e-01,  3.402777080221365e-02, -1.000450437875113e-01
  6.000000000000000e-01,  1.312046119291320e+00,  1.663075897187103e-01,  5.941143365279430e-02,  8.841173714446899e-01,  4.764774922455873e-02, -9.388037266408683e-02
  6.041666666666666e-01,  1.293118626980097e+00,  1.710646040654955e-01,  6.220962965586323e-02,  8.579422244963062e-01,  6.189284724899934e-02, -8.769953876618466e-02
  6.083333333333333e-01,  1.274096968760476e+00,  1.760538518250889e-01,  6.532600842685823e-02,  8.323215836193336e-01,  7.672680759892607e-02, -8.151502500006977e-02
  6.124999999999999e-01,  1.255021223562223e+00,  1.812552246040715e-01,  6.876475730473379e-02,  8.073214419752552e-01,  9.211451306383284e-02, -7.533814367848847e-02
  6.166666666666666e-01,  1.235933534159690e+00,  1.866465862182785e-01,  7.252574238769950e-02,  7.830087581920724e-01,  1.080229766295866e-01, -6.917841562130303e-02
  6.208333333333333e-01,  1.216877301542287e+00,  1.922029028893488e-01,  7.660588316192582e-02,  7.594521614254773e-01,  1.244195224983486e-01, -6.304304075714645e-02
  6.249999999999999e-01,  1.197898603461407e+00,  1.978991382581665e-01,  8.099415871775650e-02,  7.367214347136614e-01,  1.412785537518073e-01, -5.693613743378591e-02
  6.291666666666667e-01,  1.179045178540479e+00,  2.037051984896214e-01,  8.567600181100070e-02,  7.148891331163189e-01,  1.585694064955180e-01, -5.085814955122212e-02
  6.333333333333332e-01,  1.160367886318558e+00,  2.095915178965864e-01,  9.062835003833100e-02,  6.940306833071721e-01,  1.762684484514340e-01, -4.480561009759179e-02
  6.375000000000000e-01,  1.141920295098912e+00,  2.155258735749164e-01,  9.582074743356796e-02,  6.742256897474068e-01,  1.943520484626840e-01, -3.877071505309630e-02
  6.416666666666666e-01,  1.123761320416541e+00,  2.214730392314985e-01,  1.012136520873978e-01,  6.555591884432626e-01,  2.127924123650040e-01, -3.274187902955581e-02
  6.458333333333333e-01,  1.105955263902234e+00,  2.273971436039974e-01,  1.067583449985941e-01,  6.381238535197108e-01,  2.315624673523750e-01, -2.670452176374476e-02
  6.500000000000000e-01,  1.088577542053152e+00,  2.332541477930488e-01,  1.123945032911529e-01,  6.220201257999026e-01,  2.506107712958819e-01, -2.064496765264496e-02
  6.541666666666666e-01,  1.071715579073854e+00,  2.389967053165412e-01,  1.180516659317320e-01,  6.073587355635474e-01,  2.698677844866046e-01, -1.455480806712018e-02
  6.583333333333333e-01,  1.055473891853187e+00,  2.445678522602057e-01,  1.236487346037764e-01,  5.942587771183928e-01,  2.892189717591949e-01, -8.440089364070157e-03
  6.625000000000000e-01,  1.039979666661249e+00,  2.498981217413645e-01,  1.290958952033134e-01,  5.828417668009539e-01,  3.084769121699890e-01, -2.335205609864016e-03
  6.666666666666666e-01,  1.025381938175030e+00,  2.549066236417259e-01,  1.343004084310101e-01,  5.732204077748164e-01,  3.273657094555065e-01,  3.683205562560821e-03
  6.708333333333333e-01,  1.011843138312546e+00,  2.595028163389663e-01,  1.391766399591627e-01,  5.654782001805135e-01,  3.455082030028924e-01,  9.484698123026433e-03
  6.749999999999999e-01,  9.995177542495571e-01,  2.635968837800329e-01,  1.436567158163038e-01,  5.596439840929424e-01,  3.624510271038104e-01,  1.488926988799490e-02
  6.791666666666666e-01,  9.885235368942225e-01,  2.671164729213453e-01,  1.477014153560763e-01,  5.556767530862622e-01,  3.777389973549573e-01,  1.969535241986687e-02
  6.833333333333332e-01,  9.789165677220257e-01,  2.700235842490000e-01,  1.513014482729668e-01,  5.534711794618610e-01,  3.910135352995993e-01,  2.372518786680978e-02
  6.875000000000000e-01,  9.706871270668286e-01,  2.723195282537207e-01,  1.544704900048260e-01,  5.528834752078523e-01,  4.020779266254084e-01,  2.686245665504509e-02
  6.916666666666667e-01,  9.637738559614102e-01,  2.740393990256957e-01,  1.572339485632560e-01,  5.537661936388409e-01,  4.109091344270261e-01,  2.906582591457953e-02
  6.958333333333333e-01,  9.580919781567925e-01,  2.752388392743270e-01,  1.596174358599912e-01,  5.559930338165847e-01,  4.176157926125530e-01,  3.035718731165373e-02
  7.000000000000000e-01,  9.535462134947416e-01,  2.759811381608239e-01,  1.616440991087374e-01,  5.594673333463878e-01,  4.223812110292098e-01,  3.079794039460971e-02
  7.041666666666666e-01,  9.500523156184691e-01,  2.763275714402820e-01,  1.633313059607578e-01,  5.641214820311957e-01,  4.254142785910089e-01,  3.046828096549345e-02
  7.083333333333333e-01,  9.475371366595995e-01,  2.763343829368883e-01,  1.646923228584271e-01,  5.699120068834070e-01,  4.269235235373510e-01,  2.945299342975068e-02
  7.125000000000000e-01,  9.459402143361293e-01,  2.760508952270899e-01,  1.657375316748420e-01,  5.768121808918126e-01,  4.271013297085162e-01,  2.783342808191291e-02
  7.166666666666666e-01,  9.452120750353951e-01,  2.755196591659539e-01,  1.664757550147013e-01,  5.848060736029339e-01,  4.261190301010230e-01,  2.568408698294092e-02
  7.208333333333333e-01,  9.453118646147789e-01,  2.747772318322586e-01,  1.669152523454694e-01,  5.938838771655461e-01,  4.241269441049832e-01,  2.307173772067715e-02
  7.249999999999999e-01,  9.462053531342035e-01,  2.738549261253556e-01,  1.670642301026876e-01,  6.040384522758454e-01,  4.212565793239690e-01,  2.005581734849589e-02
  7.291666666666666e-01,  9.478613424611192e-01,  2.727803514433815e-01,  1.669319166982864e-01,  6.152626068015847e-01,  4.176236096718962e-01,  1.668907279015578e-02
  7.333333333333333e-01,  9.502523822157447e-01,  2.715770242219269e-01,  1.665277135260007e-01,  6.275474829289310e-01,  4.133305861293982e-01,  1.301887337901676e-02
  7.374999999999999e-01,  9.533517906277630e-01,  2.702656643269019e-01,  1.658620038477922e-01,  6.408811216584138e-01,  4.084695926205394e-01,  9.087851190717483e-03
  7.416666666666667e-01,  9.571331097435104e-01,  2.688643843626248e-01,  1.649459499667042e-01,  6.552475958644112e-01,  4.031242721558570e-01,  4.934715084307815e-03
  7.458333333333332e-01,  9.615685833641218e-01,  2.673891465341005e-01,  1.637915758384633e-01,  6.706262539465569e-01,  3.973714488018893e-01,  5.948246303645604e-04
  7.500000000000000e-01,  9.666326932438754e-01,  2.658532080107099e-01,  1.624111199663994e-01,  6.869924785712872e-01,  3.912823999975119e-01, -3.899403387352599e-03
  7.541666666666667e-01,  9.722943560409857e-01,  2.642685081513849e-01,  1.608175917377578e-01,  7.043154936709105e-01,  3.849238008590543e-01, -8.518099746851172e-03
  7.583333333333333e-01,  9.785243567677311e-01,  2.626449158860895e-01,  1.590247405517780e-01,  7.225609163607608e-01,  3.783580697184415e-01, -1.323403180273225e-02
  7.625000000000000e-01,  9.852912234481863e-01,  2.609906587515423e-01,  1.570462615436012e-01,  7.416894950105598e-01,  3.716440728497757e-01, -1.802220164010701e-02
  7.666666666666666e-01,  9.925622137801600e-01,  2.593116252686787e-01,  1.548958252012639e-01,  7.616577959025597e-01,  3.648373453259370e-01, -2.285997892330967e-02
  7.708333333333333e-01,  1.000305910173783e+00,  2.576131930986807e-01,  1.525881423591256e-01,  7.824200808400534e-01,  3.579895922910418e-01, -2.772718449989733e-02
  7.749999999999999e-01,  1.008488568165758e+00,  2.558984885993667e-01,  1.501371011017555e-01,  8.039267623765471e-01,  3.511494536559314e-01, -3.260583301343037e-02
  7.791666666666666e-01,  1.017077617161520e+00,  2.541697000304324e-01,  1.475572804813958e-01,  8.261268769586028e-01,  3.443617619311852e-01, -3.748035442823976e-02
  7.833333333333333e-01,  1.026040687868246e+00,  2.524277336433527e-01,  1.448629038752410e-01,  8.489678647418119e-01,  3.376677242984633e-01, -4.233749448958350e-02
  7.875000000000000e-01,  1.035345521613302e+00,  2.506723113602856e-01,  1.420682754659586e-01,  8.723963231790255e-01,  3.311046646947542e-01, -4.716619486587067e-02
  7.916666666666666e-01,  1.044960665300839e+00,  2.489018299558641e-01,  1.391869550238618e-01,  8.963583926634671e-01,  3.247064449322811e-01, -5.195767370860422e-02
  7.958333333333333e-01,  1.054856669772746e+00,  2.471147418762245e-01,  1.362337671072053e-01,  9.208016280670285e-01,  3.185017537299141e-01, -5.670517991022166e-02
  7.999999999999999e-01,  1.065008614178478e+00,  2.453090645587168e-01,  1.332190882545865e-01,  9.456728147663169e-01,  3.125165009784942e-01, -6.140357251714654e-02
  8.041666666666667e-01,  1.075389533592173e+00,  2.434815373723445e-01,  1.301568635784105e-01,  9.709214027857559e-01,  3.067712776995171e-01, -6.604988417449044e-02
  8.083333333333332e-01,  1.085975936566578e+00,  2.416289811300396e-01,  1.270588334929157e-01,  9.964978888506268e-01,  3.012829856545795e-01, -7.064263045902161e-02
  8.125000000000000e-01,  1.096744645398940e+00,  2.397471514373364e-01,  1.239371051343673e-01,  1.022354665642315e+00,  2.960641272785291e-01, -7.518177612429103e-02
  8.166666666666665e-01,  1.107676077164946e+00,  2.378325631406868e-01,  1.208019107589748e-01,  1.048445869692378e+00,  2.911231325055168e-01, -7.966839716017629e-02
  8.208333333333333e-01,  1.118751084197407e+00,  2.358807899256086e-01,  1.176638574789778e-01,  1.074727852536370e+00,  2.864644519023972e-01, -8.410472713326447e-02
  8.250000000000000e-01,  1.129951624285590e+00,  2.338871722055964e-01,  1.145336452041772e-01,  1.101159238398286e+00,  2.820887449669508e-01, -8.849396237250121e-02
  8.291666666666666e-01,  1.141261835066780e+00,  2.318471520966408e-01,  1.114205201915157e-01,  1.127700350243469e+00,  2.779930548520987e-01, -9.283982211075680e-02
  8.333333333333334e-01,  1.152666468756447e+00,  2.297558612871193e-01,  1.083339645837950e-01,  1.154313626130913e+00,  2.741711066822677e-01, -9.714661946553185e-02
  8.374999999999999e-01,  1.164152174541485e+00,  2.276085342560230e-01,  1.052820713382120e-01,  1.180962990306706e+00,  2.706135384666373e-01, -1.014188443926961e-01
  8.416666666666667e-01,  1.175705545112089e+00,  2.254000563012237e-01,  1.022736455903823e-01,  1.207614269936918e+00,  2.673083048632160e-01, -1.056612795353804e-01
  8.458333333333333e-01,  1.187314397963373e+00,  2.231253545521885e-01,  9.931662720644237e-02,  1.234234541386550e+00,  2.642409542702833e-01, -1.098786090672036e-01
  8.500000000000000e-01,  1.198966096767574e+00,  2.207790984995450e-01,  9.641988343718451e-02,  1.260792385259742e+00,  2.613950797858615e-01, -1.140754855986907e-01
  8.541666666666666e-01,  1.210649304371790e+00,  2.183561301533201e-01,  9.359119301699632e-02,  1.287257152027614e+00,  2.587525767920685e-01, -1.182561257893211e-01
  8.583333333333332e-01,  1.222352306717771e+00,  2.158512125535696e-01,  9.083908857028045e-02,  1.313599232668041e+00,  2.562940987861499e-01, -1.224244035627680e-01
  8.624999999999999e-01,  1.234064532391346e+00,  2.132593627128334e-01,  8.817119309781088e-02,  1.339789492199140e+00,  2.539992914784149e-01, -1.265835439731485e-01
  8.666666666666666e-01,  1.245774611566424e+00,  2.105756603350095e-01,  8.559638391106120e-02,  1.365799629981999e+00,  2.518472420303154e-01, -1.307362790079945e-01
  8.708333333333333e-01,  1.257471703125085e+00,  2.077955768224309e-01,  8.312340100052601e-02,  1.391601753553508e+00,  2.498166533564109e-01, -1.348846290743493e-01
  8.749999999999999e-01,  1.269145155316814e+00,  2.049150641787882e-01,  8.076130068390093e-02,  1.417168424279516e+00,  2.478860851655220e-01, -1.390299284461733e-01
  8.791666666666665e-01,  1.280784967637820e+00,  2.019307493724776e-01,  7.851904948253755e-02,  1.442472563643652e+00,  2.460340691784126e-01, -1.431727971538856e-01
  8.833333333333333e-01,  1.292380490539024e+00,  1.988400465402096e-01,  7.640700933570532e-02,  1.467487756748316e+00,  2.442393142581551e-01, -1.473133343264879e-01
  8.875000000000000e-01,  1.303922331321635e+00,  1.956414914538904e-01,  7.443496906971885e-02,  1.492187930331265e+00,  2.424805500534701e-01, -1.514510158348314e-01
  8.916666666666667e-01,  1.315402845525693e+00,  1.923348905193014e-01,  7.261168479797757e-02,  1.516547391236313e+00,  2.407364101698403e-01, -1.555847937471651e-01
  8.958333333333333e-01,  1.326813032865671e+00,  1.889215222141640e-01,  7.094822466377607e-02,  1.540541500043031e+00,  2.389855899879133e-01, -1.597135639691076e-01
  8.999999999999999e-01,  1.338145963762850e+00,  1.854044256898284e-01,  6.945429579080167e-02,  1.564146148687669e+00,  2.372063113577454e-01, -1.638360345972010e-01
  9.041666666666667e-01,  1.349396711763812e+00,  1.817885133580721e-01,  6.813827539540052e-02,  1.587337920298600e+00,  2.353760247441313e-01, -1.679509671513764e-01
  9.083333333333333e-01,  1.360559235393540e+00,  1.780809488547042e-01,  6.701043567907189e-02,  1.610094668998169e+00,  2.334713793458354e-01, -1.720577057790969e-01
  9.124999999999999e-01,  1.371631363353981e+00,  1.742910193680536e-01,  6.607749761433340e-02,  1.632394804828531e+00,  2.314672863910879e-01, -1.761559858649710e-01
  9.166666666666666e-01,  1.382609498555414e+00,  1.704306819245254e-01,  6.534809212729834e-02,  1.654218120389902e+00,  2.293369902046746e-01, -1.802466748370977e-01
  9.208333333333333e-01,  1.393494150606140e+00,  1.665140992603118e-01,  6.482665940248823e-02,  1.675544985505481e+00,  2.270509406631759e-01, -1.843315483969270e-01
  9.250000000000000e-01,  1.404284477366324e+00,  1.625582826765415e-01,  6.451904323539501e-02,  1.696357044407038e+00,  2.245767147416210e-01, -1.884140161226388e-01
  9.291666666666666e-01,  1.414982070210459e+00,  1.585826842680638e-01,  6.442813918229612e-02,  1.716636556400279e+00,  2.218781689972215e-01, -1.924990755403929e-01
  9.333333333333332e-01,  1.425590531368781e+00,  1.546089189931643e-01,  6.455418180329776e-02,  1.736366332893031e+00,  2.189145195013083e-01, -1.965935106562474e-01
  9.375000000000000e-01,  1.436112214590527e+00,  1.506612186412433e-01,  6.489799157342743e-02,  1.755529855084420e+00,  2.156398456999767e-01, -2.007063516427230e-01
  9.416666666666667e-01,  1.446551509845822e+00,  1.467658723974452e-01,  6.545702913434195e-02,  1.774110431118195e+00,  2.120028277385236e-01, -2.048488379774969e-01
  9.458333333333334e-01,  1.456913888373538e+00,  1.429503485135366e-01,  6.622668844704044e-02,  1.792091104094200e+00,  2.079443564252843e-01, -2.090343230587747e-01
  9.499999999999998e-01,  1.467204579816922e+00,  1.392442309726931e-01,  6.720091335230322e-02,  1.809453800302845e+00,  2.033997096516554e-01, -2.132786426721438e-01
  9.541666666666666e-01,  1.477427690788453e+00,  1.356770718825784e-01,  6.837440996532120e-02,  1.826179525552900e+00,  1.982917380513404e-01, -2.175994798049703e-01
  9.583333333333333e-01,  1.487590523277189e+00,  1.322805855337248e-01,  6.973540417816462e-02,  1.842245125889201e+00,  1.925433131051319e-01, -2.220164093818485e-01
  9.625000000000000e-01,  1.497697197749251e+00,  1.290855033897214e-01,  7.127549979124682e-02,  1.857624727131751e+00,  1.860631113563009e-01, -2.265496420976238e-01
  9.666666666666666e-01,  1.507753049923537e+00,  1.261226435044267e-01,  7.298310871386214e-02,  1.872286331616448e+00,  1.787563274157556e-01, -2.312189070649618e-01
  9.708333333333332e-01,  1.517763740238930e+00,  1.234215999948312e-01,  7.484512916366569e-02,  1.886190384436722e+00,  1.705240421284940e-01, -2.360412651745261e-01
  9.750000000000000e-01,  1.527734229711040e+00,  1.210116662566532e-01,  7.684717255121554e-02,  1.899286701482611e+00,  1.612734891043759e-01, -2.410279848935370e-01
  9.791666666666666e-01,  1.537668085535050e+00,  1.189198713274020e-01,  7.897517368235314e-02,  1.911512861022201e+00,  1.509182010736193e-01, -2.461803550887034e-01
  9.833333333333334e-01,  1.547571823946274e+00,  1.171728010325226e-01,  8.120650851997951e-02,  1.922787979922895e+00,  1.394176828616645e-01, -2.514819842401819e-01
  9.874999999999999e-01,  1.557448471775582e+00,  1.157937550778687e-01,  8.351826290013969e-02,  1.933014330421484e+00,  1.267743386661818e-01, -2.568927048446541e-01
  9.916666666666666e-01,  1.567301147048127e+00,  1.148026711668118e-01,  8.587792455450420e-02,  1.942075255289697e+00,  1.130806050531097e-01, -2.623391656630776e-01
  9.958333333333333e-01,  1.577128975369048e+00,  1.142146945833518e-01,  8.824385913743248e-02,  1.949840874356137e+00,  9.854742597618694e-02, -2.677091777432032e-01
  1.000000000000000e+00,  1.586925297610992e+00,  1.140360256562098e-01,  9.056360148106211e-02,  1.956180862011947e+00,  8.351770455198249e-02, -2.728529794727891e-01
  1.004166666666667e+00,  1.596672272103549e+00,  1.142622528785766e-01,  9.277646276308524e-02,  1.960983497265978e+00,  6.846303961854136e-02, -2.775951308732461e-01
  1.008333333333333e+00,  1.606338787507570e+00,  1.148737294748421e-01,  9.481893463858737e-02,  1.964178565428663e+00,  5.392234431425717e-02, -2.817596380737507e-01
  1.012500000000000e+00,  1.615879368825262e+00,  1.158344919807828e-01,  9.663382409609564e-02,  1.965753466641584e+00,  4.041095677753389e-02, -2.852004480004436e-01
  1.016666666666667e+00,  1.625237189038629e+00,  1.170940305258543e-01,  9.817850176906254e-02,  1.965755091931572e+00,  2.832751523649282e-02, -2.878254712550197e-01
  1.020833333333333e+00,  1.634348610332981e+00,  1.185920302378027e-01,  9.943140043452460e-02,  1.964276195756111e+00,  1.789076162852808e-02, -2.896052336661887e-01
  1.025000000000000e+00,  1.643150720805991e+00,  1.202645146263452e-01,  1.003889576169495e-01,  1.961434511781926e+00,  9.144785959655902e-03, -2.905641662829399e-01
  1.029166666666667e+00,  1.651584673689983e+00,  1.220493508105338e-01,  1.010636275039117e-01,  1.957352406246541e+00,  1.989064963514569e-03, -2.907644481305212e-01
  1.033333333333333e+00,  1.659599651765870e+00,  1.238888076651188e-01,  1.014770587611912e-01,  1.952142908069037e+00, -3.770190581912378e-03, -2.902883969081275e-01
  1.037500000000000e+00,  1.667151479759482e+00,  1.257329783325392e-01,  1.016568041815118e-01,  1.945903376709634e+00, -8.368789294453120e-03, -2.892250322652911e-01
  1.041666666666667e+00,  1.674203478302591e+00,  1.275392616137818e-01,  1.016315694501909e-01,  1.938713969859977e+00, -1.205139056028880e-02, -2.876612887826586e-01
  1.045833333333333e+00,  1.680725132463914e+00,  1.292709218105443e-01,  1.014300460316839e-01,  1.930637440715405e+00, -1.505460346109407e-02, -2.856777815357658e-01
  1.050000000000000e+00,  1.686689879896013e+00,  1.308985070208624e-01,  1.010796074651887e-01,  1.921723325815542e+00, -1.758788658728030e-02, -2.833464667585328e-01
  1.054166666666667e+00,  1.692075767573667e+00,  1.323975958641650e-01,  1.006045067625449e-01,  1.912010190370183e+00, -1.983228078628450e-02, -2.807298518860307e-01
  1.058333333333333e+00,  1.696863407492090e+00,  1.337483067498457e-01,  1.000270315308334e-01,  1.901527464233046e+00, -2.194067367026208e-02, -2.778816423401426e-01
  1.062500000000000e+00,  1.701035574646865e+00,  1.349347865661770e-01,  9.936709194308593e-02,  1.890297829997688e+00, -2.403816161258935e-02, -2.748472394416480e-01
  1.066666666666667e+00,  1.704576758877945e+00,  1.359447281198651e-01,  9.864227791928130e-02,  1.878338915665046e+00, -2.622442529868817e-02, -2.716645079564861e-01
  1.070833333333334e+00,  1.707472869960434e+00,  1.367690201237408e-01,  9.786795964572277e-02,  1.865664641583192e+00, -2.857645280068361e-02, -2.683645747264253e-01
  1.075000000000000e+00,  1.709711079346296e+00,  1.374014977988038e-01,  9.705739243750715e-02,  1.852286277188481e+00, -3.115126643100399e-02, -2.649726045942533e-01
  1.079166666666667e+00,  1.711279769299716e+00,  1.378387678824746e-01,  9.622181871699226e-02,  1.838213260278636e+00, -3.398848057140140e-02, -2.615085305553815e-01
  1.083333333333333e+00,  1.712168561190520e+00,  1.380800835000859e-01,  9.537056934782660e-02,  1.823453824189472e+00, -3.711261298753077e-02, -2.579877288057436e-01
  1.087500000000000e+00,  1.712368397017430e+00,  1.381272473915698e-01,  9.451116982645323e-02,  1.808015470456971e+00, -4.053512296480968e-02, -2.544216354876054e-01
  1.091666666666667e+00,  1.711871650924188e+00,  1.379845259112853e-01,  9.364945690675631e-02,  1.791905318016408e+00, -4.425617588673220e-02, -2.508183048243768e-01
  1.095833333333333e+00,  1.710672250519038e+00,  1.376585604909841e-01,  9.278970963816491e-02,  1.775130355006616e+00, -4.826614732193701e-02, -2.471829100109673e-01
  1.100000000000000e+00,  1.708765791200835e+00,  1.371582674723655e-01,  9.193479654499939e-02,  1.757697615537920e+00, -5.254688676634582e-02, -2.435181894912011e-01
  1.104166666666667e+00,  1.706149630330587e+00,  1.364947210753931e-01,  9.108633844217937e-02,  1.739614300920924e+00, -5.707276526031978e-02, -2.398248423058873e-01
  1.108333333333333e+00,  1.702822951781278e+00,  1.356810175575727e-01,  9.024488458318095e-02,  1.720887862480996e+00, -6.181153375122935e-02, -2.361018769919135e-01
  1.112500000000000e+00,  1.698786433517836e+00,  1.347325486451227e-01,  8.941052105732858e-02,  1.701526199113065e+00, -6.672524022835059e-02, -2.323466018209570e-01
  1.116666666666667e+00,  1.694043770220743e+00,  1.336650764640359e-01,  8.858130240343891e-02,  1.681537161895044e+00, -7.176995237573687e-02, -2.285561444025672e-01
  1.120833333333333e+00,  1.688599437049758e+00,  1.324974840633670e-01,  8.775607448133231e-02,  1.660929676007874e+00, -7.689799891577646e-02, -2.247251641907871e-01
  1.125000000000000e+00,  1.682458980505195e+00,  1.312486674044047e-01,  8.693348789823252e-02,  1.639711930186970e+00, -8.205480043337464e-02, -2.208507024658987e-01
  1.129166666666667e+00,  1.675631304576650e+00,  1.299394563252199e-01,  8.611085809547531e-02,  1.617893978717938e+00, -8.718438983470293e-02, -2.169258814366896e-01
  1.133333333333333e+00,  1.668125149164309e+00,  1.285933366810219e-01,  8.528756312333984e-02,  1.595487274057065e+00, -9.222869774211535e-02, -2.129422086901281e-01
  1.137500000000000e+00,  1.659952904294044e+00,  1.272280403766748e-01,  8.445910316981925e-02,  1.572499553933993e+00, -9.711665928203740e-02, -2.089003426953777e-01
  1.141666666666667e+00,  1.651124053334270e+00,  1.258712310631629e-01,  8.362775738145867e-02,  1.548945730739610e+00, -1.017875047923563e-01, -2.047881725467803e-01
  1.145833333333333e+00,  1.641653163599050e+00,  1.245440594822063e-01,  8.279066345694322e-02,  1.524837815591185e+00, -1.061697273750039e-01, -2.006014159833055e-01
  1.150000000000000e+00,  1.631552758104601e+00,  1.232702080396049e-01,  8.194853055632605e-02,  1.500189785377908e+00, -1.101906981064745e-01, -1.963352530303500e-01
  1.154166666666667e+00,  1.620837214402225e+00,  1.220733113307109e-01,  8.110203378693209e-02,  1.475017734696813e+00, -1.137781721904349e-01, -1.919834936138389e-01
  1.158333333333333e+00,  1.609520526465507e+00,  1.209768252989545e-01,  8.025325233334776e-02,  1.449339178406087e+00, -1.168582457425304e-01, -1.875413073892670e-01
  1.162500000000000e+00,  1.597618175960546e+00,  1.200038852421916e-01,  7.940436320219357e-02,  1.423174255670766e+00, -1.193591185275343e-01, -1.830029359764921e-01
  1.166666666666667e+00,  1.585143987165278e+00,  1.191778364719329e-01,  7.856059970748711e-02,  1.396545343623228e+00, -1.212097154230318e-01, -1.783637463310162e-01
  1.170833333333333e+00,  1.572112907172425e+00,  1.185207750519957e-01,  7.772694736375768e-02,  1.369477356741979e+00, -1.223413089087702e-01, -1.736197458771454e-01
  1.175000000000000e+00,  1.558539534995303e+00,  1.180544428031136e-01,  7.691027948462671e-02,  1.341998393154806e+00, -1.226894459625899e-01, -1.687671834166361e-01
  1.179166666666667e+00,  1.544438460064743e+00,  1.177997927139520e-01,  7.611889328947918e-02,  1.314139872872376e+00, -1.221948845717576e-01, -1.638028525581587e-01
  1.183333333333334e+00,  1.529824010505660e+00,  1.177769221165372e-01,  7.536284418818838e-02,  1.285936705149881e+00, -1.208044506100391e-01, -1.587244031695469e-01
  1.187500000000000e+00,  1.514711601517362e+00,  1.180046632732250e-01,  7.465291844574760e-02,  1.257427767942547e+00, -1.184736395752487e-01, -1.535296133355058e-01
  1.191666666666667e+00,  1.499116208856299e+00,  1.185007676212899e-01,  7.400209419514185e-02,  1.228655586403225e+00, -1.151654781304164e-01, -1.482177953255815e-01
  1.195833333333334e+00,  1.483053706848045e+00,  1.192815338390174e-01,  7.342459708730920e-02,  1.199666686746661e+00, -1.108527100902654e-01, -1.427891444415440e-01
  1.200000000000000e+00,  1.466541253895254e+00,  1.203615568945602e-01,  7.293549830288285e-02,  1.170511399181211e+00, -1.055177852439883e-01, -1.372451939999913e-01
  1.204166666666667e+00,  1.449596353260379e+00,  1.217539232999929e-01,  7.255266225158119e-02,  1.141244079844707e+00, -9.915389499029319e-02, -1.315887600095247e-01
  1.208333333333333e+00,  1.432239072940319e+00,  1.234693853530755e-01,  7.229356373715978e-02,  1.111922416035209e+00, -9.176371713325678e-02, -1.258245161658443e-01
  1.212500000000000e+00,  1.414491117543096e+00,  1.255165587300449e-01,  7.217714028904872e-02,  1.082607483907695e+00, -8.335979761181520e-02, -1.199589025270458e-01
  1.216666666666667e+00,  1.396376457943367e+00,  1.279015811026480e-01,  7.222303864739446e-02,  1.053363335571563e+00, -7.396369834904803e-02, -1.140003072393454e-01
  1.220833333333333e+00,  1.377921572995082e+00,  1.306278834611621e-01,  7.245136033922768e-02,  1.024256620401351e+00, -6.360509196355450e-02, -1.079591223480727e-01
  1.225000000000000e+00,  1.359155635677541e+00,  1.336959671677571e-01,  7.288234308105612e-02,  9.953561762950826e-01, -5.232067786796282e-02, -1.018477167919420e-01
  1.229166666666667e+00,  1.340110624281137e+00,  1.371031967718737e-01,  7.353598762745849e-02,  9.667326082862663e-01, -4.015298052030131e-02, -9.568031299208303e-02
  1.233333333333333e+00,  1.320821354160370e+00,  1.408436181284414e-01,  7.443162505050943e-02,  9.384578715303392e-01, -2.714909105089583e-02, -8.947275642157430e-02
  1.237500000000000e+00,  1.301325430973796e+00,  1.449078121619169e-01,  7.558742068618057e-02,  9.106048748610557e-01, -1.335940655856242e-02, -8.324217210839996e-02
  1.241666666666667e+00,  1.281663131793979e+00,  1.492827949283961e-01,  7.701981251492304e-02,  8.832471203870629e-01,  1.163589471596956e-03, -7.700650683280182e-02
  1.245833333333333e+00,  1.261877225539034e+00,  1.539519743145075e-01,  7.874288400151902e-02,  8.564583945878167e-01,  1.636647482144583e-02, -7.078396064995902e-02
  1.250000000000000e+00,  1.242012748944072e+00,  1.588951725446062e-01,  8.076767425142288e-02,  8.303125276331689e-01,  3.219594563858053e-02, -6.459231623198915e-02
  1.254166666666667e+00,  1.222116759130965e+00,  1.640887213331268e-01,  8.310143147194814e-02,  8.048832406744761e-01,  4.859977383137852e-02, -5.844817948151853e-02
  1.258333333333333e+00,  1.202237758494303e+00,  1.695059301098405e-01,  8.574706055413718e-02,  7.802441446128419e-01,  6.552849334503406e-02, -5.236629565753805e-02
  1.262500000000000e+00,  1.182426775707086e+00,  1.751162029036806e-01,  8.870133613549486e-02,  7.564687024653977e-01,  8.293298020176790e-02, -4.635809413681184e-02
  1.266666666666667e+00,  1.162735405871184e+00,  1.808872954468204e-01,  9.195518631074041e-02,  7.336306820755264e-01,  1.007703708701812e-01, -4.043169012489696e-02
  1.270833333333333e+00,  1.143216805232258e+00,  1.867833404225101e-01,  9.549302698449968e-02,  7.118047411232483e-01,  1.189986649849357e-01, -3.459038029772684e-02
  1.275000000000000e+00,  1.123925613761474e+00,  1.927678708991203e-01,  9.929061273657966e-02,  6.910671219810369e-01,  1.375833670759250e-01, -2.883226664138526e-02
  1.279166666666667e+00,  1.104919943254108e+00,  1.988006348286653e-01,  1.033145134688092e-01,  6.714967351350316e-01,  1.564880412726457e-01, -2.314932066474240e-02
  1.283333333333333e+00,  1.086260151865336e+00,  2.048411486139157e-01,  1.075221665050816e-01,  6.531772249151014e-01,  1.756824522276173e-01, -1.752790883627958e-02
  1.287500000000000e+00,  1.068012278695431e+00,  2.108464094379725e-01,  1.118603067524691e-01,  6.361988369412285e-01,  1.951336907902256e-01, -1.194917342699797e-02
  1.291666666666667e+00,  1.050250624520799e+00,  2.167709583440831e-01,  1.162642484457146e-01,  6.206609443392662e-01,  2.148023163506413e-01, -6.391170410046540e-03
  1.295833333333333e+00,  1.033061521212973e+00,  2.225642869738731e-01,  1.206588245038684e-01,  6.066745079747393e-01,  2.346292716945298e-01, -8.338168059929578e-04
  1.300000000000000e+00,  1.016551304726050e+00,  2.281679871156195e-01,  1.249563558535078e-01,  5.943616893930268e-01,  2.545142352347273e-01,  4.732613571430236e-03
  1.304166666666667e+00,  1.000849282470346e+00,  2.335143699607691e-01,  1.290616811664090e-01,  5.838537988650438e-01,  2.742956945921229e-01,  1.029412177969670e-02
  1.308333333333334e+00,  9.861124390708238e-01,  2.385204104107068e-01,  1.328784718321308e-01,  5.752783815043570e-01,  2.937071044976491e-01,  1.579282618682318e-02
  1.312500000000000e+00,  9.725205437454472e-01,  2.430903440755243e-01,  1.363180550512398e-01,  5.687343684564835e-01,  3.123534705936755e-01,  2.110908097390296e-02
  1.316666666666667e+00,  9.602516031045316e-01,  2.471237104929831e-01,  1.393177600303942e-01,  5.642581356680277e-01,  3.297222344727969e-01,  2.605630786163291e-02
  1.320833333333333e+00,  9.494439807176707e-01,  2.505364680340068e-01,  1.418522952481904e-01,  5.617952396717922e-01,  3.452665987382202e-01,  3.040875403242032e-02
  1.325000000000000e+00,  9.401592342638282e-01,  2.532830237947943e-01,  1.439362749115804e-01,  5.612013518643799e-01,  3.585366931826653e-01,  3.395778115721910e-02
  1.329166666666667e+00,  9.323721365124733e-01,  2.553682569046927e-01,  1.456111154433633e-01,  5.622802650146439e-01,  3.692918823532638e-01,  3.656831849550578e-02
  1.333333333333333e+00,  9.259929740046772e-01,  2.568401032023990e-01,  1.469266473721175e-01,  5.648347251207675e-01,  3.775214400794626e-01,  3.819987634041733e-02
  1.337500000000000e+00,  9.209027622184304e-01,  2.577704074477052e-01,  1.479282422306067e-01,  5.687009507812933e-01,  3.833840841024430e-01,  3.888978360968669e-02
  1.341666666666667e+00,  9.169832037892252e-01,  2.582385452789024e-01,  1.486499373886142e-01,  5.737604777339870e-01,  3.871279617210232e-01,  3.872209270077284e-02
  1.345833333333333e+00,  9.141300781111443e-01,  2.583189968961055e-01,  1.491171012857594e-01,  5.799350496583345e-01,  3.890247864325278e-01,  3.779907764334773e-02
  1.350000000000000e+00,  9.122586886587443e-01,  2.580774230945195e-01,  1.493469617413557e-01,  5.871756819216781e-01,  3.893342265169917e-01,  3.622459923203386e-02
  1.354166666666667e+00,  9.113031855410516e-01,  2.575706538157581e-01,  1.493516451990871e-01,  5.954545754739485e-01,  3.882901082043085e-01,  3.409529804833299e-02
  1.358333333333333e+00,  9.112107254431734e-01,  2.568451981382724e-01,  1.491422596117716e-01,  6.047553679900233e-01,  3.860945931334133e-01,  3.149732721206192e-02
  1.362500000000000e+00,  9.119410681135293e-01,  2.559413392015264e-01,  1.487267072571367e-01,  6.150677747072869e-01,  3.829220918439156e-01,  2.850681361027574e-02
  1.366666666666667e+00,  9.134596664648471e-01,  2.548915161285985e-01,  1.481143686164751e-01,  6.263839516388472e-01,  3.789221509189420e-01,  2.519014838845057e-02
  1.370833333333333e+00,  9.157382480097505e-01,  2.537242550551733e-01,  1.473135660438811e-01,  6.386958381789790e-01,  3.742248542075072e-01,  2.160564089938848e-02
  1.375000000000000e+00,  9.187511277667841e-01,  2.524636673387863e-01,  1.463332382181638e-01,  6.519931886135660e-01,  3.689441037756052e-01,  1.780462592629593e-02
  1.379166666666667e+00,  9.224740516781053e-01,  2.511304868371829e-01,  1.451826692499824e-01,  6.662624095999284e-01,  3.631809941822844e-01,  1.383257845329436e-02
  1.383333333333334e+00,  9.268830840131761e-01,  2.497425930889052e-01,  1.438715014502571e-01,  6.814858449283611e-01,  3.570263823976156e-01,  9.729964708015350e-03
  1.387500000000000e+00,  9.319538564052610e-01,  2.483154043620619e-01,  1.424096804079867e-01,  6.976413997243620e-01,  3.505628562797398e-01,  5.532892541390637e-03
  1.391666666666667e+00,  9.376610990353679e-01,  2.468621668348989e-01,  1.408073795324968e-01,  7.147024395252646e-01,  3.438661924145119e-01,  1.273586804767928e-03
  1.395833333333333e+00,  9.439784011927919e-01,  2.453941721016468e-01,  1.390749167053772e-01,  7.326379103340087e-01,  3.370063944906886e-01, -3.019273383690710e-03
  1.400000000000000e+00,  9.508781552563433e-01,  2.439209275998868e-01,  1.372226703721863e-01,  7.514126361674717e-01,  3.300483943189586e-01, -7.320319223295752e-03
  1.404166666666667e+00,  9.583316434332628e-01,  2.424502981456231e-01,  1.352609982044780e-01,  7.709877554143244e-01,  3.230524868788582e-01, -1.160732565183595e-02
  1.408333333333333e+00,  9.663092304255393e-01,  2.409886310828901e-01,  1.332001590959487e-01,  7.913212597295911e-01,  3.160745605473350e-01, -1.586108530205428e-02
  1.412500000000000e+00,  9.747806284470654e-01,  2.395408727609045e-01,  1.310502381947895e-01,  8.123686009523416e-01,  3.091661745286385e-01, -2.006530012933537e-02
  1.416666666666667e+00,  9.837152042667328e-01,  2.381106802090680e-01,  1.288210745389982e-01,  8.340833336214979e-01,  3.023745274793818e-01, -2.420647355568203e-02
  1.420833333333333e+00,  9.930822996179360e-01,  2.367005217470366e-01,  1.265221979619051e-01,  8.564177621119228e-01,  2.957423551240439e-01, -2.827379048972327e-02
  1.425000000000000e+00,  1.002851553572820e+00,  2.353118093504962e-01,  1.241627360404700e-01,  8.793235748439723e-01,  2.893077824015838e-01, -3.225898513382738e-02
  1.429166666666667e+00,  1.012993179445061e+00,  2.339449511622513e-01,  1.217513928250828e-01,  9.027524231434069e-01,  2.831041684518934e-01, -3.615617855347746e-02
  1.433333333333333e+00,  1.023478221161627e+00,  2.325994685950601e-01,  1.192963670309656e-01,  9.266564548319473e-01,  2.771599476369088e-01, -3.996170816355692e-02
  1.437500000000000e+00,  1.034278748740634e+00,  2.312740652303968e-01,  1.168053142419388e-01,  9.509887700090744e-01,  2.714984963579697e-01, -4.367393713617031e-02
  1.441666666666667e+00,  1.045368002085115e+00,  2.299666972927343e-01,  1.142853068230801e-01,  9.757037991124436e-01,  2.661380332391654e-01, -4.729305512351717e-02
  1.445833333333333e+00,  1.056720465119689e+00,  2.286745978377485e-01,  1.117428430379875e-01,  1.000757590302964e+00,  2.610915684502675e-01, -5.082086909288848e-02
  1.450000000000000e+00,  1.068311638836932e+00,  2.273942929802086e-01,  1.091842134551496e-01,  1.026108176967320e+00,  2.563668272047275e-01, -5.426065065427566e-02
  1.454166666666667e+00,  1.080119041589672e+00,  2.261218442904092e-01,  1.066139277938463e-01,  1.051715080371324e+00,  2.519666054120460e-01, -5.761673299663431e-02
  1.458333333333333e+00,  1.092120618132670e+00,  2.248525069712044e-01,  1.040371132100039e-01,  1.077540247333397e+00,  2.478884720954494e-01, -6.089459715813094e-02
  1.462500000000000e+00,  1.104295579827243e+00,  2.235809689205439e-01,  1.014580472378945e-01,  1.103547430712600e+00,  2.441252520594073e-01, -6.410049370167656e-02
  1.466666666666667e+00,  1.116624043243997e+00,  2.223013002496443e-01,  9.888057306612634e-02,  1.129702207963662e+00,  2.406652332853407e-01, -6.724128963983736e-02
  1.470833333333333e+00,  1.129086846260548e+00,  2.210069487425432e-01,  9.630820221224991e-02,  1.155971812406768e+00,  2.374925171229692e-01, -7.032428270437538e-02
  1.475000000000000e+00,  1.141665364458147e+00,  2.196907404264969e-01,  9.374422229134607e-02,  1.182324909701106e+00,  2.345874393530199e-01, -7.335701557922579e-02
  1.479166666666667e+00,  1.154341331270020e+00,  2.183448872421090e-01,  9.119181900450034e-02,  1.208731337416092e+00,  2.319270554318611e-01, -7.634709187668164e-02
  1.483333333333333e+00,  1.167096674488431e+00,  2.169610068402827e-01,  8.865421030731672e-02,  1.235161823509222e+00,  2.294856791447432e-01, -7.930199446934556e-02
  1.487500000000000e+00,  1.179913381869792e+00,  2.155301599692265e-01,  8.613478941705879e-02,  1.261587700859337e+00,  2.272354595660971e-01, -8.222890814639178e-02
  1.491666666666667e+00,  1.192773677697081e+00,  2.140429271949995e-01,  8.363685950743246e-02,  1.287980499474864e+00,  2.251470992519931e-01, -8.513452831795504e-02
  1.495833333333333e+00,  1.205658594396812e+00,  2.124893220094766e-01,  8.116567627742145e-02,  1.314312253206992e+00,  2.231902277197091e-01, -8.802507220804827e-02
  1.500000000000000e+00,  1.218551065975865e+00,  2.108595512243223e-01,  7.872497141073836e-02,  1.340554503718899e+00,  2.213333623645612e-01, -9.090562513621329e-02
  1.504166666666667e+00,  1.231432177212346e+00,  2.091429649250491e-01,  7.632045867850903e-02,  1.366678397894587e+00,  2.195472547228116e-01, -9.378095448657379e-02
  1.508333333333334e+00,  1.244283662771968e+00,  2.073297054768020e-01,  7.395999820347642e-02,  1.392655922992623e+00,  2.177993130717186e-01, -9.665425909763664e-02
  1.512500000000000e+00,  1.257088837866851e+00,  2.054097042413017e-01,  7.164852886421769e-02,  1.418456880833671e+00,  2.160624090749934e-01, -9.952826308870018e-02
  1.516666666666667e+00,  1.269829732910627e+00,  2.033736137233759e-01,  6.939558423364627e-02,  1.444052269305068e+00,  2.143078319755418e-01, -1.024045515515662e-01
  1.520833333333333e+00,  1.282489970282419e+00,  2.012130487753487e-01,  6.721017495181290e-02,  1.469412418760094e+00,  2.125092019495705e-01, -1.052838669604230e-01
  1.525000000000000e+00,  1.295054719768457e+00,  1.989207001725126e-01,  6.510265477553041e-02,  1.494508215257394e+00,  2.106388902961487e-01, -1.081657186484181e-01
  1.529166666666667e+00,  1.307510024523004e+00,  1.964906867459228e-01,  6.308386010896000e-02,  1.519310341413522e+00,  2.086724596162897e-01, -1.110493194835055e-01
  1.533333333333333e+00,  1.319842869279729e+00,  1.939190938377926e-01,  6.116607041517175e-02,  1.543790079933574e+00,  2.065865110147607e-01, -1.139335002683826e-01
  1.537500000000000e+00,  1.332043625512444e+00,  1.912041372422664e-01,  5.936044691044328e-02,  1.567919211993435e+00,  2.043572872950412e-01, -1.168165531338361e-01
  1.541666666666667e+00,  1.344103449280217e+00,  1.883463868236881e-01,  5.768006622068966e-02,  1.591670737368852e+00,  2.019606301213238e-01, -1.196968147093648e-01
  1.545833333333333e+00,  1.356016028039848e+00,  1.853491353079744e-01,  5.613748496563977e-02,  1.615018551451902e+00,  1.993719190235995e-01, -1.225728415390008e-01
  1.550000000000000e+00,  1.367777219628246e+00,  1.822185791022592e-01,  5.474509381837947e-02,  1.637937718344702e+00,  1.965651821505407e-01, -1.254436878297282e-01
  1.554166666666667e+00,  1.379385100314438e+00,  1.789639700392396e-01,  5.351479457885787e-02,  1.660404528634992e+00,  1.935123716409745e-01, -1.283091758762606e-01
  1.558333333333333e+00,  1.390839906056463e+00,  1.755977040880181e-01,  5.245773168284067e-02,  1.682396507912515e+00,  1.901825789868413e-01, -1.311701698308652e-01
  1.562500000000000e+00,  1.402143916519009e+00,  1.721353364116514e-01,  5.158403686525739e-02,  1.703892359118821e+00,  1.865411882717485e-01, -1.340288414424055e-01
  1.566666666666667e+00,  1.413301281653493e+00,  1.685955179216134e-01,  5.090260564944191e-02,  1.724871832500539e+00,  1.825489701149276e-01, -1.368889226497711e-01
  1.570833333333333e+00,  1.424317798398386e+00,  1.649998507227963e-01,  5.042091740024155e-02,  1.745315513693817e+00,  1.781611197642641e-01, -1.397559387621583e-01
  1.575000000000000e+00,  1.435200647572304e+00,  1.613726632440569e-01,  5.014490861512960e-02,  1.765204516363742e+00,  1.733262480095113e-01, -1.426374142707132e-01
  1.579166666666667e+00,  1.445958104242768e+00,  1.577407098459287e-01,  5.007890494737465e-02,  1.784520059096483e+00,  1.679853455611120e-01, -1.455430396986283e-01
  1.583333333333333e+00,  1.456599679040414e+00,  1.541330086682027e-01,  5.022489999370340e-02,  1.803242683269026e+00,  1.620717756755850e-01, -1.484847110027811e-01
  1.587500000000000e+00,  1.467134066176113e+00,  1.505796469267258e-01,  5.058541827402337e-02,  1.821352313259402e+00,  1.555065522044188e-01, -1.514768031172730e-01
  1.591666666666667e+00,  1.477571526908077e+00,  1.471124481179578e-01,  5.115938184012100e-02,  1.838826052990235e+00,  1.482031243709517e-01, -1.545357146585919e-01
  1.595833333333333e+00,  1.487921463007336e+00,  1.437627601176219e-01,  5.194606453444953e-02,  1.855638339686941e+00,  1.400593162143707e-01, -1.576801513253653e-01
  1.600000000000000e+00,  1.498194601282306e+00,  1.405651714947160e-01,  5.294002059721608e-02,  1.871756187992050e+00,  1.309758607271713e-01, -1.609289961513540e-01
  1.604166666666667e+00,  1.508400328797975e+00,  1.375514025453037e-01,  5.413720532682141e-02,  1.887140717091332e+00,  1.208355224835527e-01, -1.643020168719143e-01
  1.608333333333333e+00,  1.518548554754623e+00,  1.347537256665343e-01,  5.553035320732860e-02,  1.901741555179934e+00,  1.095240537759379e-01, -1.678166999400623e-01
  1.612500000000000e+00,  1.528649462500812e+00,  1.322043043906302e-01,  5.710890312380134e-02,  1.915493337397220e+00,  9.693948981268154e-02, -1.714850787162936e-01
  1.616666666666667e+00,  1.538714295827730e+00,  1.299335754909487e-01,  5.885709508024773e-02,  1.928312109009092e+00,  8.300461741356213e-02, -1.753096184622840e-01
  1.620833333333334e+00,  1.548754142473468e+00,  1.279715435208226e-01,  6.075259596862571e-02,  1.940090832230638e+00,  6.769790915309767e-02, -1.792765175394176e-01
  1.625000000000000e+00,  1.558782142941186e+00,  1.263495418357796e-01,  6.275771389269860e-02,  1.950694903282019e+00,  5.111585765346720e-02, -1.833435804289833e-01
  1.629166666666667e+00,  1.568809137956457e+00,  1.250944984230598e-01,  6.482164458595270e-02,  1.959969722727753e+00,  3.348607440404542e-02, -1.874368208855185e-01
  1.633333333333334e+00,  1.578840151825657e+00,  1.242294108805231e-01,  6.687693143051410e-02,  1.967751621831075e+00,  1.521932249535184e-02, -1.914438682849492e-01
  1.637500000000000e+00,  1.588871946197197e+00,  1.237684218672741e-01,  6.883732500531084e-02,  1.973891967823211e+00, -3.079762535350536e-03, -1.952164474514888e-01
  1.641666666666667e+00,  1.598883428093492e+00,  1.237106965907973e-01,  7.061337369804502e-02,  1.978290567159527e+00, -2.069869093184331e-02, -1.985923333827940e-01
  1.645833333333333e+00,  1.608834137078401e+00,  1.240355290025414e-01,  7.212488205103940e-02,  1.980920659336625e+00, -3.694172267741603e-02, -2.014231132393995e-01
  1.650000000000000e+00,  1.618665223355019e+00,  1.247036275296738e-01,  7.331545910466318e-02,  1.981834655880570e+00, -5.126181645838011e-02, -2.035996997291713e-01
  1.654166666666667e+00,  1.628307520783854e+00,  1.256568047765556e-01,  7.416097516224965e-02,  1.981144964302642e+00, -6.337796262588402e-02, -2.050714467021705e-01
  1.658333333333333e+00,  1.637688858056333e+00,  1.268313841405597e-01,  7.466469235617994e-02,  1.978995188780098e+00, -7.323899002251373e-02, -2.058356570632795e-01
  1.662500000000000e+00,  1.646741736166565e+00,  1.281622610464053e-01,  7.485047738503996e-02,  1.975531766470673e+00, -8.098801950530939e-02, -2.059279859353401e-01
  1.666666666666667e+00,  1.655407202008777e+00,  1.295889265162107e-01,  7.475284326998378e-02,  1.970886846884860e+00, -8.687969578729458e-02, -2.054056635287647e-01
