Main.Studies.MarkerTracking.t,Main.Studies.MarkerTracking.JointAngleOutputs.OutputFile_RightLeg.HipFlexion,Main.Studies.MarkerTracking.JointAngleOutputs.OutputFile_RightLeg.HipAbduction,Main.Studies.MarkerTracking.JointAngleOutputs.OutputFile_RightLeg.HipExternalRotation,Main.Studies.MarkerTracking.JointAngleOutputs.OutputFile_RightLeg.KneeFlexion,Main.Studies.MarkerTracking.JointAngleOutputs.OutputFile_RightLeg.AnklePlantarFlexion,Main.Studies.MarkerTracking.JointAngleOutputs.OutputFile_RightLeg.SubTalarEversion
  4.583333333333333e-02,  1.617312545575090e+00, -6.096869024980101e-02,  4.701729278039152e-02,  1.926234319042663e+00, -9.383891652444548e-02, -4.128697390950831e-01
  5.000000000000000e-02,  1.624123505897551e+00, -6.200345679388075e-02,  4.985682092079487e-02,  1.920927363410289e+00, -1.172533330269233e-01, -4.136355007129848e-01
  5.416666666666666e-02,  1.630819477672685e+00, -6.282557433190927e-02,  5.233135278262578e-02,  1.914321722544198e+00, -1.375436980970316e-01, -4.132139482571054e-01
  5.833333333333333e-02,  1.637322576303689e+00, -6.347072949467480e-02,  5.442839820906491e-02,  1.906591187918206e+00, -1.548070858788257e-01, -4.117895993182134e-01
  6.250000000000000e-02,  1.643561927742957e+00, -6.397736207332971e-02,  5.615890859951071e-02,  1.897880224982166e+00, -1.693150369720929e-01, -4.095360459124096e-01
  6.666666666666667e-02,  1.649475327576003e+00, -6.438236000369280e-02,  5.754257709230819e-02,  1.888303355516614e+00, -1.814067459878616e-01, -4.066027156016492e-01
  7.083333333333333e-02,  1.655009845230061e+00, -6.471974847011297e-02,  5.860648324474664e-02,  1.877944221284828e+00, -1.914392206551739e-01, -4.031089674616835e-01
  7.500000000000000e-02,  1.660120667634517e+00, -6.501787952169158e-02,  5.937908650559884e-02,  1.866863897974543e+00, -1.997445443651303e-01, -3.991515292861221e-01
  7.916666666666666e-02,  1.664769702712259e+00, -6.530061791640240e-02,  5.988600606413302e-02,  1.855107258217643e+00, -2.066194536449460e-01, -3.948059217847908e-01
  8.333333333333333e-02,  1.668925026773783e+00, -6.558730690974945e-02,  6.015272504791994e-02,  1.842704546258770e+00, -2.123228592714183e-01, -3.901322305786523e-01
  8.749999999999999e-02,  1.672559604708476e+00, -6.589306551228180e-02,  6.020199216717535e-02,  1.829676790395171e+00, -2.170742234088757e-01, -3.851786149861711e-01
  9.166666666666666e-02,  1.675650545524446e+00, -6.622921536047710e-02,  6.005422291017155e-02,  1.816038081453178e+00, -2.210568850337739e-01, -3.799842336785776e-01
  9.583333333333333e-02,  1.678178405969387e+00, -6.660385964166116e-02,  5.972710687935212e-02,  1.801797697003106e+00, -2.244215972394458e-01, -3.745815759713472e-01
  9.999999999999999e-02,  1.680126778239701e+00, -6.702165266456905e-02,  5.923743467748245e-02,  1.786961133932866e+00, -2.272910201710711e-01, -3.689973876056438e-01
  1.041666666666667e-01,  1.681481700185923e+00, -6.748501389057093e-02,  5.859883937845142e-02,  1.771531851787950e+00, -2.297623713503156e-01, -3.632549037474934e-01
  1.083333333333333e-01,  1.682231291704357e+00, -6.799366100525761e-02,  5.782389590471013e-02,  1.755512191198544e+00, -2.319124933422634e-01, -3.573718493743127e-01
  1.125000000000000e-01,  1.682365958138601e+00, -6.854575187769485e-02,  5.692243712607498e-02,  1.738902172290747e+00, -2.337959380553616e-01, -3.513701294349612e-01
  1.166666666666667e-01,  1.681877454438210e+00, -6.913695032749123e-02,  5.590396202538379e-02,  1.721702838434894e+00, -2.354544016248667e-01, -3.452631386771502e-01
  1.208333333333333e-01,  1.680759222486226e+00, -6.976135624198054e-02,  5.477634514602525e-02,  1.703914694032837e+00, -2.369143408625505e-01, -3.390649734660942e-01
  1.250000000000000e-01,  1.679006276968541e+00, -7.041143607996592e-02,  5.354657896336556e-02,  1.685538065810033e+00, -2.381894396951981e-01, -3.327896206657067e-01
  1.291666666666667e-01,  1.676614603844097e+00, -7.107828002138272e-02,  5.222009576559172e-02,  1.666574884919960e+00, -2.392843523666224e-01, -3.264469938609660e-01
  1.333333333333333e-01,  1.673581848087524e+00, -7.175151839791227e-02,  5.080219835034914e-02,  1.647026506089413e+00, -2.401929308248033e-01, -3.200494517547089e-01
  1.375000000000000e-01,  1.669906749679235e+00, -7.241956667083782e-02,  4.929737171314725e-02,  1.626895401862602e+00, -2.409015211646333e-01, -3.136077239460247e-01
  1.416666666666667e-01,  1.665589220949992e+00, -7.306967767039385e-02,  4.770968996139048e-02,  1.606184874103452e+00, -2.413895010417001e-01, -3.071320649824742e-01
  1.458333333333333e-01,  1.660630293778973e+00, -7.368803835349746e-02,  4.604296690138345e-02,  1.584899161207920e+00, -2.416302072660161e-01, -3.006323094875843e-01
  1.500000000000000e-01,  1.655032003223668e+00, -7.426006155824783e-02,  4.430041278532643e-02,  1.563043536504397e+00, -2.415912911082222e-01, -2.941184437378692e-01
  1.541666666666666e-01,  1.648797574972822e+00, -7.476968714021970e-02,  4.248676565004136e-02,  1.540624435638862e+00, -2.412374060915517e-01, -2.875983792804075e-01
  1.583333333333334e-01,  1.641931033309706e+00, -7.520062818749218e-02,  4.060558239978781e-02,  1.517649505254319e+00, -2.405281008622781e-01, -2.810812493470924e-01
  1.625000000000000e-01,  1.634437456739363e+00, -7.553567713650167e-02,  3.866153675122223e-02,  1.494127532401572e+00, -2.394201831635196e-01, -2.745755131239597e-01
  1.666666666666667e-01,  1.626322291391825e+00, -7.575720038759015e-02,  3.665854217682784e-02,  1.470069945785185e+00, -2.378691459622392e-01, -2.680874172737527e-01
  1.708333333333333e-01,  1.617592578749578e+00, -7.584676445110650e-02,  3.460338574518104e-02,  1.445487941891127e+00, -2.358273496450440e-01, -2.616253411177911e-01
  1.750000000000000e-01,  1.608255263313879e+00, -7.578595257153897e-02,  3.250125019749522e-02,  1.420396411914569e+00, -2.332476782471368e-01, -2.551945575396056e-01
  1.791666666666667e-01,  1.598318430593836e+00, -7.555555855148643e-02,  3.035990094890191e-02,  1.394811693954011e+00, -2.300834777738101e-01, -2.487995747078326e-01
  1.833333333333333e-01,  1.587790741588890e+00, -7.513660708634085e-02,  2.818738496421122e-02,  1.368752252937200e+00, -2.262880283420583e-01, -2.424450374580838e-01
  1.875000000000000e-01,  1.576681521881368e+00, -7.450998160225075e-02,  2.599298344380452e-02,  1.342239246609403e+00, -2.218169244792239e-01, -2.361340698645017e-01
  1.916666666666667e-01,  1.565000804196322e+00, -7.365668151588056e-02,  2.378716092153330e-02,  1.315296590447923e+00, -2.166285584990893e-01, -2.298687464813670e-01
  1.958333333333333e-01,  1.552759396551961e+00, -7.255797496618199e-02,  2.158163992406192e-02,  1.287951163543889e+00, -2.106850239241442e-01, -2.236501009819613e-01
  2.000000000000000e-01,  1.539968866583622e+00, -7.119563700891574e-02,  1.938907780140056e-02,  1.260233174021175e+00, -2.039529729464971e-01, -2.174781201689990e-01
  2.041666666666667e-01,  1.526642286429541e+00, -6.955176593610268e-02,  1.722505906785844e-02,  1.232175384083161e+00, -1.964044426475768e-01, -2.113521428981011e-01
  2.083333333333333e-01,  1.512793165629267e+00, -6.760971690995499e-02,  1.510414882285795e-02,  1.203815120240928e+00, -1.880174988602206e-01, -2.052703730898424e-01
  2.125000000000000e-01,  1.498436773951595e+00, -6.535365484790034e-02,  1.304350253510039e-02,  1.175192565861460e+00, -1.787767428920027e-01, -1.992307363567427e-01
  2.166666666666667e-01,  1.483590200181537e+00, -6.276888371484768e-02,  1.106235040164014e-02,  1.146351043450108e+00, -1.686737592176070e-01, -1.932309155120306e-01
  2.208333333333333e-01,  1.468272155509616e+00, -5.984230430049808e-02,  9.180658845594592e-03,  1.117337611830516e+00, -1.577073801383196e-01, -1.872683665409118e-01
  2.250000000000000e-01,  1.452503020904402e+00, -5.656277818961075e-02,  7.418441538534537e-03,  1.088203050321411e+00, -1.458832957132917e-01, -1.813409163445107e-01
  2.291666666666667e-01,  1.436305856410697e+00, -5.292088702065834e-02,  5.798499272613118e-03,  1.059000783821944e+00, -1.332148576376178e-01, -1.754465112272870e-01
  2.333333333333333e-01,  1.419705862758249e+00, -4.890972097094082e-02,  4.343579472032973e-03,  1.029787135053302e+00, -1.197209988578905e-01, -1.695846647623380e-01
  2.375000000000000e-01,  1.402730644346609e+00, -4.452487413407846e-02,  3.077256457266600e-03,  1.000621522349114e+00, -1.054278724254135e-01, -1.637550124503720e-01
  2.416666666666667e-01,  1.385410739990937e+00, -3.976469514225855e-02,  2.024750630836263e-03,  9.715649101763408e-01, -9.036667613024175e-02, -1.579589001213954e-01
  2.458333333333333e-01,  1.367778741149613e+00, -3.463079528427948e-02,  1.209960433018520e-03,  9.426810691641547e-01, -7.457367959678668e-02, -1.521987473472494e-01
  2.500000000000000e-01,  1.349870062389006e+00, -2.912802464182462e-02,  6.577440703410674e-04,  9.140348970221095e-01, -5.808941911042937e-02, -1.464783819826412e-01
  2.541666666666667e-01,  1.331721896668310e+00, -2.326494327388851e-02,  3.904624503797383e-04,  8.856936161055443e-01, -4.095827803048912e-02, -1.408026894614564e-01
  2.583333333333333e-01,  1.313374496916396e+00, -1.705366393525809e-02,  4.322717812053552e-04,  8.577239319849350e-01, -2.322746913277021e-02, -1.351779580364125e-01
  2.625000000000000e-01,  1.294869109564878e+00, -1.051036809376305e-02,  8.023240719986284e-04,  8.301948999007972e-01, -4.946987006499894e-03, -1.296111214250035e-01
  2.666666666666667e-01,  1.276249640064270e+00, -3.655079254683224e-03,  1.520718226053784e-03,  8.031741574059474e-01,  1.383137123839122e-02, -1.241099558603470e-01
  2.708333333333334e-01,  1.257560601671801e+00,  3.488079540917344e-03,  2.601578119383800e-03,  7.767308289042588e-01,  3.305387062214862e-02, -1.186822765401203e-01
  2.750000000000000e-01,  1.238848097917929e+00,  1.089107348113916e-02,  4.056777990255061e-03,  7.509328423530717e-01,  5.266555243206417e-02, -1.133358156639913e-01
  2.791666666666667e-01,  1.220158983740466e+00,  1.852201856327307e-02,  5.893189155847849e-03,  7.258476491721022e-01,  7.261030231948946e-02, -1.080776219362401e-01
  2.833333333333333e-01,  1.201540586087682e+00,  2.634538369483974e-02,  8.111760909296120e-03,  7.015420097757613e-01,  9.283096806020567e-02, -1.029135586967890e-01
  2.875000000000000e-01,  1.183040902347771e+00,  3.432233069305846e-02,  1.070842203446029e-02,  6.780808218800128e-01,  1.132698594126518e-01, -9.784797385724475e-02
  2.916666666666667e-01,  1.164707833496011e+00,  4.241095336834078e-02,  1.367104772422019e-02,  6.555281709736626e-01,  1.338683104288591e-01, -9.288303402447472e-02
  2.958333333333333e-01,  1.146589159739274e+00,  5.056693566307602e-02,  1.697883292180194e-02,  6.339472499168827e-01,  1.545668984178181e-01, -8.801850821866572e-02
  3.000000000000000e-01,  1.128732998229391e+00,  5.874377057693070e-02,  2.060383994062354e-02,  6.133991177558860e-01,  1.753055863677579e-01, -8.325151724259025e-02
  3.041666666666666e-01,  1.111187494048000e+00,  6.689340414244516e-02,  2.450870156254192e-02,  5.939438890262204e-01,  1.960233718763791e-01, -7.857644137239987e-02
  3.083333333333333e-01,  1.094001113202040e+00,  7.496659480887402e-02,  2.864626270824241e-02,  5.756410026579799e-01,  2.166577530783383e-01, -7.398504679280286e-02
  3.125000000000000e-01,  1.077223348279857e+00,  8.291360632682543e-02,  3.296121371154327e-02,  5.585488622018777e-01,  2.371450453100806e-01, -6.946718801061315e-02
  3.166666666666667e-01,  1.060905042514436e+00,  9.068380952200084e-02,  3.738776387829200e-02,  5.427264265635420e-01,  2.574177020620477e-01, -6.501137702793032e-02
  3.208333333333334e-01,  1.045099237817132e+00,  9.822700219855074e-02,  4.185059038523579e-02,  5.282342613603642e-01,  2.774043960232405e-01, -6.060674419147415e-02
  3.250000000000000e-01,  1.029862700277419e+00,  1.054925315900890e-01,  4.626776569036070e-02,  5.151337167666047e-01,  2.970273284877910e-01, -5.624512642011951e-02
  3.291666666666667e-01,  1.015257361214741e+00,  1.124270911227128e-01,  5.054897102134474e-02,  5.034874785541645e-01,  3.161940756846188e-01, -5.192433406066067e-02
  3.333333333333334e-01,  1.001351099506632e+00,  1.189778441286511e-01,  5.460075986952861e-02,  4.933599222866349e-01,  3.347993394829543e-01, -4.765355754203534e-02
  3.375000000000000e-01,  9.882189687202476e-01,  1.250895038148192e-01,  5.832865256296358e-02,  4.848140267783576e-01,  3.527142247632538e-01, -4.345909973068567e-02
  3.416666666666667e-01,  9.759426154345869e-01,  1.307049435678449e-01,  6.164252721953373e-02,  4.779068167884387e-01,  3.697806799005194e-01, -3.939154199752564e-02
  3.458333333333333e-01,  9.646071521921187e-01,  1.357674044702226e-01,  6.446607190520354e-02,  4.726810732025727e-01,  3.858109743209260e-01, -3.553152911628840e-02
  3.500000000000000e-01,  9.542944233858496e-01,  1.402235158263156e-01,  6.674233605901084e-02,  4.691554774586836e-01,  4.005892114068674e-01, -3.199166185384083e-02
  3.541666666666667e-01,  9.450727509359866e-01,  1.440305472328955e-01,  6.844386692664860e-02,  4.673140581749065e-01,  4.138913754551303e-01, -2.890938565657969e-02
  3.583333333333333e-01,  9.369854831845782e-01,  1.471630450493429e-01,  6.957397726923488e-02,  4.671006393221640e-01,  4.255112226891561e-01, -2.643015774193612e-02
  3.625000000000000e-01,  9.300435485292512e-01,  1.496210671387612e-01,  7.016701256509555e-02,  4.684257086895373e-01,  4.353017021816161e-01, -2.468203381781781e-02
  3.666666666666667e-01,  9.242247391111548e-01,  1.514278348232061e-01,  7.027341375214576e-02,  4.711771471061283e-01,  4.431886068046175e-01, -2.375514878104574e-02
  3.708333333333333e-01,  9.194827077896917e-01,  1.526295864037170e-01,  6.995352400235771e-02,  4.752448412949677e-01,  4.491885587128805e-01, -2.368899978768408e-02
  3.750000000000000e-01,  9.157572685166065e-01,  1.532833349464353e-01,  6.926363753326871e-02,  4.805291625177447e-01,  4.533831836511101e-01, -2.447623017920642e-02
  3.791666666666667e-01,  9.129861936785958e-01,  1.534512408114821e-01,  6.825455954763320e-02,  4.869528355382945e-01,  4.559026710183036e-01, -2.607328377719809e-02
  3.833333333333334e-01,  9.111116831245987e-01,  1.531934988166666e-01,  6.696697138371117e-02,  4.944607997177353e-01,  4.568985312504481e-01, -2.841443888286138e-02
  3.875000000000000e-01,  9.100841118747823e-01,  1.525652794156249e-01,  6.543492658072099e-02,  5.030171917593480e-01,  4.565278986536287e-01, -3.142357899673814e-02
  3.916666666666667e-01,  9.098624170829603e-01,  1.516152892344171e-01,  6.368725076900697e-02,  5.126003970919972e-01,  4.549423654406399e-01, -3.502241283958412e-02
  3.958333333333333e-01,  9.104131152342602e-01,  1.503857396754256e-01,  6.174988875790258e-02,  5.231978049816611e-01,  4.522829808566704e-01, -3.913525672024603e-02
  4.000000000000000e-01,  9.117086148872018e-01,  1.489134453832264e-01,  5.964576521885492e-02,  5.348028445071935e-01,  4.486781549409527e-01, -4.369171584152282e-02
  4.041666666666667e-01,  9.137253583880094e-01,  1.472301061933727e-01,  5.739821246000414e-02,  5.474096879342499e-01,  4.442448252413437e-01, -4.862713900044002e-02
  4.083333333333333e-01,  9.164422258863781e-01,  1.453636702056296e-01,  5.502994821506676e-02,  5.610119888348898e-01,  4.390892733696859e-01, -5.388294725508849e-02
  4.125000000000000e-01,  9.198389812933409e-01,  1.433386648694233e-01,  5.256325585482075e-02,  5.756004254203156e-01,  4.333087315028765e-01, -5.940590312183523e-02
  4.166666666666667e-01,  9.238958114119286e-01,  1.411783061441734e-01,  5.002186900778461e-02,  5.911624041980337e-01,  4.269933503936947e-01, -6.514876869599710e-02
  4.208333333333333e-01,  9.285915502298883e-01,  1.389027420308426e-01,  4.742793670692520e-02,  6.076795272762717e-01,  4.202268245220241e-01, -7.106792422826437e-02
  4.250000000000000e-01,  9.339038293656989e-01,  1.365309462213615e-01,  4.480385568330680e-02,  6.251282751768249e-01,  4.130879512997224e-01, -7.712419023269192e-02
  4.291666666666667e-01,  9.398086079520652e-01,  1.340805539161014e-01,  4.217146917110396e-02,  6.434795194742865e-01,  4.056512543566334e-01, -8.328210273510211e-02
  4.333333333333333e-01,  9.462800937291643e-01,  1.315680069754968e-01,  3.955179107628077e-02,  6.626986377451586e-01,  3.979874876579026e-01, -8.950961719728934e-02
  4.375000000000000e-01,  9.532907711091076e-01,  1.290085145626378e-01,  3.696417850762541e-02,  6.827460245645177e-01,  3.901638548420829e-01, -9.577786494252681e-02
  4.416666666666667e-01,  9.608119272857462e-01,  1.264165573656719e-01,  3.442838553310120e-02,  7.035769761849436e-01,  3.822443761036091e-01, -1.020611049922273e-01
  4.458333333333334e-01,  9.688135424855202e-01,  1.238051770174418e-01,  3.196080140957144e-02,  7.251434159014886e-01,  3.742893646375358e-01, -1.083364045392646e-01
  4.500000000000000e-01,  9.772650186639236e-01,  1.211864468595500e-01,  2.957675655997486e-02,  7.473939484407007e-01,  3.663556414661392e-01, -1.145836832192822e-01
  4.541666666666667e-01,  9.861355254268163e-01,  1.185713322767397e-01,  2.728971696648216e-02,  7.702749161478855e-01,  3.584962043988325e-01, -1.207855722676744e-01
  4.583333333333334e-01,  9.953944421677612e-01,  1.159696762565177e-01,  2.511122299771516e-02,  7.937312378391118e-01,  3.507599843593068e-01, -1.269273066934469e-01
  4.625000000000000e-01,  1.005011755580294e+00,  1.133899134683931e-01,  2.305106117629115e-02,  8.177068342164380e-01,  3.431920702685702e-01, -1.329967148581856e-01
  4.666666666666667e-01,  1.014958476136435e+00,  1.108401834761896e-01,  2.111637185571399e-02,  8.421469895019436e-01,  3.358315854676396e-01, -1.389836844693193e-01
  4.708333333333333e-01,  1.025206848029232e+00,  1.083266472350728e-01,  1.931303845942026e-02,  8.669966499232928e-01,  3.287142181526930e-01, -1.448805505645220e-01
  4.750000000000000e-01,  1.035730641582177e+00,  1.058546163293044e-01,  1.764491205027837e-02,  8.922025563725943e-01,  3.218702783007961e-01, -1.506816147590590e-01
  4.791666666666666e-01,  1.046505272317112e+00,  1.034286959223825e-01,  1.611426783101401e-02,  9.177139779573744e-01,  3.153236629777859e-01, -1.563824727279804e-01
  4.833333333333333e-01,  1.057507663028700e+00,  1.010506379880931e-01,  1.472033644311268e-02,  9.434799453608278e-01,  3.090990321750591e-01, -1.619831495275849e-01
  4.875000000000000e-01,  1.068717632705841e+00,  9.872448211282392e-02,  1.346456092381166e-02,  9.694567966792309e-01,  3.032038848630760e-01, -1.674796559036065e-01
  4.916666666666667e-01,  1.080115168362153e+00,  9.644930221370518e-02,  1.234162525757451e-02,  9.955975898757059e-01,  2.976566922342943e-01, -1.728772850864266e-01
  4.958333333333334e-01,  1.091682487159475e+00,  9.422676136403485e-02,  1.134995104246900e-02,  1.021865061139642e+00,  2.924527538148566e-01, -1.781737563775947e-01
  5.000000000000000e-01,  1.103403690630227e+00,  9.205499897878866e-02,  1.048483085437149e-02,  1.048218952517076e+00,  2.875963424764525e-01, -1.833748902458022e-01
  5.041666666666667e-01,  1.115263913801028e+00,  8.993215048636305e-02,  9.739698145616623e-03,  1.074624552761652e+00,  2.830822488765682e-01, -1.884856036016558e-01
  5.083333333333333e-01,  1.127249429752696e+00,  8.785549789055791e-02,  9.109206905841565e-03,  1.101049531045870e+00,  2.788993764370526e-01, -1.935111090299873e-01
  5.125000000000000e-01,  1.139347417358555e+00,  8.582140829991114e-02,  8.586716925821693e-03,  1.127464439274400e+00,  2.750321977971544e-01, -1.984577386184846e-01
  5.166666666666666e-01,  1.151545921060972e+00,  8.382526708092564e-02,  8.165855194944085e-03,  1.153840870738265e+00,  2.714633116815154e-01, -2.033338417904513e-01
  5.208333333333334e-01,  1.163833336469231e+00,  8.186186550997787e-02,  7.839778849103883e-03,  1.180153667955321e+00,  2.681691748462735e-01, -2.081475708378041e-01
  5.249999999999999e-01,  1.176198368840342e+00,  7.992520257373559e-02,  7.602461568101767e-03,  1.206378971261787e+00,  2.651229760088006e-01, -2.129079270523975e-01
  5.291666666666667e-01,  1.188629813094951e+00,  7.800861125211811e-02,  7.446348643198118e-03,  1.232494627487250e+00,  2.622962732159622e-01, -2.176254039502910e-01
  5.333333333333333e-01,  1.201116345253607e+00,  7.610482714627409e-02,  7.366037633666288e-03,  1.258479361352929e+00,  2.596565799748684e-01, -2.223102660356985e-01
  5.375000000000000e-01,  1.213646335136921e+00,  7.420598671199885e-02,  7.356171882975468e-03,  1.284312750612314e+00,  2.571697238306847e-01, -2.269734590026712e-01
  5.416666666666667e-01,  1.226207800754014e+00,  7.230378629614131e-02,  7.412058165396344e-03,  1.309974855639150e+00,  2.547998820260369e-01, -2.316262160100895e-01
  5.458333333333333e-01,  1.238788221179422e+00,  7.038943089566785e-02,  7.529534083869427e-03,  1.335446255418470e+00,  2.525095631298484e-01, -2.362796809732319e-01
  5.499999999999999e-01,  1.251374703836403e+00,  6.845400088640430e-02,  7.706283303804075e-03,  1.360706435409002e+00,  2.502620933935902e-01, -2.409455534806879e-01
  5.541666666666666e-01,  1.263953718928126e+00,  6.648819133331640e-02,  7.940193426420519e-03,  1.385735559338662e+00,  2.480190878610935e-01, -2.456347426020618e-01
  5.583333333333333e-01,  1.276511334279318e+00,  6.448265263438446e-02,  8.230525167484020e-03,  1.410513045957199e+00,  2.457427518761108e-01, -2.503580171579880e-01
  5.624999999999999e-01,  1.289033266651693e+00,  6.242803683021192e-02,  8.578279129655387e-03,  1.435017649757589e+00,  2.433952942056871e-01, -2.551255559198607e-01
  5.666666666666667e-01,  1.301505072148176e+00,  6.031529977393069e-02,  8.984057730165780e-03,  1.459227978817067e+00,  2.409406368033818e-01, -2.599475051239473e-01
  5.708333333333333e-01,  1.313912257247158e+00,  5.813564941512794e-02,  9.451259036374645e-03,  1.483121755234146e+00,  2.383422318842945e-01, -2.648330673206813e-01
  5.750000000000000e-01,  1.326240522968470e+00,  5.588086689079952e-02,  9.983958265819069e-03,  1.506676436571103e+00,  2.355644384033352e-01, -2.697911617733820e-01
  5.791666666666666e-01,  1.338475966930187e+00,  5.354346195855220e-02,  1.058738800640109e-02,  1.529869227882436e+00,  2.325719460576778e-01, -2.748304042059082e-01
  5.833333333333333e-01,  1.350605297573285e+00,  5.111686678238869e-02,  1.126785177831983e-02,  1.552677263810929e+00,  2.293294040588084e-01, -2.799593040631163e-01
  5.875000000000000e-01,  1.362616038371528e+00,  4.859562825517916e-02,  1.203261881032464e-02,  1.575077801896161e+00,  2.258008968661645e-01, -2.851865295105150e-01
  5.916666666666666e-01,  1.374496654641051e+00,  4.597540684915868e-02,  1.288947241936038e-02,  1.597048750604475e+00,  2.219486764452387e-01, -2.905211049370306e-01
  5.958333333333333e-01,  1.386236935502939e+00,  4.325386046423629e-02,  1.384783685968390e-02,  1.618567524541841e+00,  2.177345777522964e-01, -2.959733193103173e-01
  6.000000000000000e-01,  1.397827795635318e+00,  4.042976758274786e-02,  1.491675946061275e-02,  1.639613091374367e+00,  2.131157528542198e-01, -3.015543923313331e-01
  6.041666666666666e-01,  1.409261565099975e+00,  3.750380142137288e-02,  1.610595206759161e-02,  1.660164804967613e+00,  2.080456053611349e-01, -3.072774583848858e-01
  6.083333333333333e-01,  1.420532030153897e+00,  3.447849747876308e-02,  1.742535926372370e-02,  1.680202675177779e+00,  2.024719400393345e-01, -3.131579483907701e-01
  6.124999999999999e-01,  1.431634405019128e+00,  3.135827427936633e-02,  1.888503528303484e-02,  1.699707256996522e+00,  1.963354348136024e-01, -3.192140894029143e-01
  6.166666666666666e-01,  1.442565280799132e+00,  2.814936386255851e-02,  2.049565090678079e-02,  1.718659362964160e+00,  1.895668207723977e-01, -3.254673027838970e-01
  6.208333333333333e-01,  1.453323065634784e+00,  2.486044537880638e-02,  2.226548222064863e-02,  1.737039570791359e+00,  1.820907029977496e-01, -3.319430350733124e-01
  6.249999999999999e-01,  1.463906644851965e+00,  2.150049812465737e-02,  2.420714969899367e-02,  1.754828368294711e+00,  1.738073325425472e-01, -3.386699759950834e-01
  6.291666666666667e-01,  1.474317595769991e+00,  1.808326110384284e-02,  2.632805116087941e-02,  1.772002280876633e+00,  1.646203496868757e-01, -3.456816222809010e-01
  6.333333333333332e-01,  1.484558455252837e+00,  1.462202860542927e-02,  2.863900224049938e-02,  1.788535752336900e+00,  1.544050962547016e-01, -3.530140467777220e-01
  6.375000000000000e-01,  1.494633168454319e+00,  1.113263674147214e-02,  3.115022567800524e-02,  1.804397419187500e+00,  1.430218083936314e-01, -3.607054126715133e-01
  6.416666666666666e-01,  1.504548448933141e+00,  7.633838567578488e-03,  3.387158689245975e-02,  1.819545948031347e+00,  1.303218932073126e-01, -3.687926575333157e-01
  6.458333333333333e-01,  1.514312786998678e+00,  4.144203012558467e-03,  3.681475431029925e-02,  1.833929521540707e+00,  1.161303149068341e-01, -3.773072770019272e-01
  6.500000000000000e-01,  1.523939983942326e+00,  6.900497426964858e-04,  3.998807101942003e-02,  1.847473448095652e+00,  1.003023032604536e-01, -3.862644397662885e-01
  6.541666666666666e-01,  1.533448166279099e+00, -2.701101020039953e-03,  4.339964724228787e-02,  1.860080754203917e+00,  8.270187253459142e-02, -3.956516745276517e-01
  6.583333333333333e-01,  1.542861753234357e+00, -5.994557787802668e-03,  4.705219525458184e-02,  1.871622165362637e+00,  6.326556424846259e-02, -4.054085185458013e-01
  6.625000000000000e-01,  1.552213866824303e+00, -9.146095138071297e-03,  5.093735169475868e-02,  1.881931331484524e+00,  4.207792243896505e-02, -4.154014960207704e-01
  6.666666666666666e-01,  1.561544572517410e+00, -1.210362545036281e-02,  5.503064641277310e-02,  1.890812838262637e+00,  1.942896082654824e-02, -4.254053031519064e-01
  6.708333333333333e-01,  1.570896086318107e+00, -1.480863449021363e-02,  5.928174836837376e-02,  1.898062754459143e+00, -4.112253621183211e-03, -4.350994233956363e-01
  6.749999999999999e-01,  1.580300452388299e+00, -1.720314117389132e-02,  6.361199430254762e-02,  1.903507230410326e+00, -2.769975046958821e-02, -4.441019773697280e-01
  6.791666666666666e-01,  1.589766922734436e+00, -1.924334642244774e-02,  6.791952266111995e-02,  1.907049879206980e+00, -5.033937936975443e-02, -4.520444677347202e-01
  6.833333333333332e-01,  1.599271243671199e+00, -2.091258931757767e-02,  7.209769052996190e-02,  1.908699073818033e+00, -7.111548659250039e-02, -4.586569837691490e-01
  6.875000000000000e-01,  1.608757940076714e+00, -2.222490442587666e-02,  7.605322469743835e-02,  1.908559513080616e+00, -8.938214280415198e-02, -4.638157346670659e-01
  6.916666666666667e-01,  1.618150092240504e+00, -2.322100165807672e-02,  7.971992196053981e-02,  1.906794476366276e+00, -1.048565525969390e-01, -4.675346773378322e-01
  6.958333333333333e-01,  1.627366081302676e+00, -2.395654522721102e-02,  8.306150061860999e-02,  1.903582627991978e+00, -1.175711386244798e-01, -4.699191693071018e-01
  7.000000000000000e-01,  1.636323300715775e+00, -2.449205877848315e-02,  8.606505562861980e-02,  1.899088194493879e+00, -1.277669666790940e-01, -4.711157601336572e-01
  7.041666666666666e-01,  1.644952350625592e+00, -2.488394740198618e-02,  8.873236439705588e-02,  1.893449707869074e+00, -1.357779660700779e-01, -4.712778795135201e-01
  7.083333333333333e-01,  1.653193426521489e+00, -2.518256597595525e-02,  9.107478296414037e-02,  1.886776287533895e+00, -1.419688678151834e-01, -4.705466463999197e-01
  7.125000000000000e-01,  1.660996874349841e+00, -2.543038678578791e-02,  9.310797076815286e-02,  1.879151768911227e+00, -1.466867220239269e-01, -4.690442668700134e-01
  7.166666666666666e-01,  1.668321643563721e+00, -2.566224246275906e-02,  9.484908509968021e-02,  1.870639796843042e+00, -1.502407267578097e-01, -4.668733965592123e-01
  7.208333333333333e-01,  1.675133616748435e+00, -2.590614960687643e-02,  9.631524962653500e-02,  1.861288674333725e+00, -1.528955941935539e-01, -4.641190878042843e-01
  7.249999999999999e-01,  1.681404497893185e+00, -2.618417901618919e-02,  9.752273076207120e-02,  1.851135556108053e+00, -1.548719486547402e-01, -4.608511245092568e-01
  7.291666666666666e-01,  1.687108990310973e+00, -2.651381962757737e-02,  9.848684880890057e-02,  1.840208793978257e+00, -1.563501474679383e-01, -4.571279846135536e-01
  7.333333333333333e-01,  1.692226377361539e+00, -2.690806897794462e-02,  9.922145529054857e-02,  1.828531470520506e+00, -1.574745564996360e-01, -4.529971340654899e-01
  7.374999999999999e-01,  1.696738047994519e+00, -2.737657960577344e-02,  9.973923138557701e-02,  1.816122269287306e+00, -1.583589040015844e-01, -4.484981555371583e-01
  7.416666666666667e-01,  1.700627457179086e+00, -2.792602311317793e-02,  1.000516186828798e-01,  1.802996986619268e+00, -1.590905789798639e-01, -4.436639867961644e-01
  7.458333333333332e-01,  1.703878945529152e+00, -2.856054680653286e-02,  1.001689504667398e-01,  1.789169272550680e+00, -1.597345233070510e-01, -4.385226390870958e-01
  7.500000000000000e-01,  1.706481482889799e+00, -2.928182152952297e-02,  1.000999551846293e-01,  1.774652177448100e+00, -1.603369828127090e-01, -4.330963219144092e-01
  7.541666666666667e-01,  1.708420865735202e+00, -3.008942275797333e-02,  9.985310556384534e-02,  1.759457227222660e+00, -1.609285113740621e-01, -4.274048797362466e-01
  7.583333333333333e-01,  1.709687387314218e+00, -3.098128534292299e-02,  9.943486821633991e-02,  1.743595791702384e+00, -1.615253094990746e-01, -4.214660206386136e-01
  7.625000000000000e-01,  1.710271286480767e+00, -3.195334706933739e-02,  9.885128589432084e-02,  1.727079003014624e+00, -1.621328524247770e-01, -4.152945917984754e-01
  7.666666666666666e-01,  1.710163829286214e+00, -3.299922008652967e-02,  9.810746172289013e-02,  1.709918693652280e+00, -1.627483603805848e-01, -4.089021570884404e-01
  7.708333333333333e-01,  1.709359576020760e+00, -3.411210057592573e-02,  9.720686061350320e-02,  1.692125858904727e+00, -1.633583727849623e-01, -4.023026625414697e-01
  7.749999999999999e-01,  1.707852371441349e+00, -3.528246723123085e-02,  9.615307404442260e-02,  1.673712534944600e+00, -1.639453850358979e-01, -3.955060139628875e-01
  7.791666666666666e-01,  1.705638761060338e+00, -3.649995362452074e-02,  9.494822477280064e-02,  1.654690588101226e+00, -1.644846112203359e-01, -3.885237983463570e-01
  7.833333333333333e-01,  1.702716519974056e+00, -3.775254357354729e-02,  9.359425679002829e-02,  1.635072470251113e+00, -1.649475314747365e-01, -3.813660948985971e-01
  7.875000000000000e-01,  1.699084437939725e+00, -3.902678685207772e-02,  9.209241230193466e-02,  1.614870864999489e+00, -1.653014144466371e-01, -3.740436564667022e-01
  7.916666666666666e-01,  1.694742623888917e+00, -4.030759337842138e-02,  9.044412602440025e-02,  1.594099685356311e+00, -1.655125463391450e-01, -3.665642506561024e-01
  7.958333333333333e-01,  1.689693687173738e+00, -4.157978075326829e-02,  8.864935553268406e-02,  1.572771851110432e+00, -1.655405718512143e-01, -3.589410669966400e-01
  7.999999999999999e-01,  1.683943133192450e+00, -4.282544610516825e-02,  8.671241610469425e-02,  1.550901078848511e+00, -1.653479005597200e-01, -3.511815718099318e-01
  8.041666666666667e-01,  1.677496111436579e+00, -4.402706128674438e-02,  8.463359855998449e-02,  1.528501874531083e+00, -1.648920884260783e-01, -3.432972078701640e-01
  8.083333333333332e-01,  1.670360117170363e+00, -4.516589500875368e-02,  8.241554718004933e-02,  1.505589122127342e+00, -1.641311560811733e-01, -3.352974892150860e-01
  8.125000000000000e-01,  1.662543125575994e+00, -4.622224107551198e-02,  8.006041257972916e-02,  1.482178759292770e+00, -1.630222644910087e-01, -3.271924843038457e-01
  8.166666666666665e-01,  1.654055381901167e+00, -4.717595522799978e-02,  7.757289411245728e-02,  1.458286607627688e+00, -1.615224671013752e-01, -3.189920135747511e-01
  8.208333333333333e-01,  1.644907732111525e+00, -4.800632809134453e-02,  7.495739642304486e-02,  1.433930038392512e+00, -1.595892492286669e-01, -3.107055333251237e-01
  8.250000000000000e-01,  1.635112027459523e+00, -4.869257799931659e-02,  7.221868968480202e-02,  1.409127755694933e+00, -1.571808314701642e-01, -3.023420495668283e-01
  8.291666666666666e-01,  1.624681436566739e+00, -4.921336345800453e-02,  6.936386117550730e-02,  1.383899240980189e+00, -1.542568980761128e-01, -2.939103466105046e-01
  8.333333333333334e-01,  1.613629888015335e+00, -4.954744726893323e-02,  6.640048711082874e-02,  1.358265764428034e+00, -1.507789456080644e-01, -2.854186637104597e-01
  8.374999999999999e-01,  1.601972572470183e+00, -4.967331878906722e-02,  6.333871929462014e-02,  1.332249736700594e+00, -1.467109841299301e-01, -2.768749633080240e-01
  8.416666666666667e-01,  1.589725254763143e+00, -4.956994201812615e-02,  6.018898288796087e-02,  1.305875937900892e+00, -1.420199075019669e-01, -2.682865973024364e-01
  8.458333333333333e-01,  1.576904830987349e+00, -4.921641908531282e-02,  5.696400622894303e-02,  1.279170869377658e+00, -1.366761685017877e-01, -2.596606302281165e-01
  8.500000000000000e-01,  1.563528762886345e+00, -4.859260987406344e-02,  5.367687787741338e-02,  1.252163814769210e+00, -1.306541769062558e-01, -2.510036350793677e-01
  8.541666666666666e-01,  1.549615880470505e+00, -4.767874414019713e-02,  5.034356527271883e-02,  1.224885913431043e+00, -1.239328893217314e-01, -2.423221409879262e-01
  8.583333333333332e-01,  1.535185837685949e+00, -4.645606496444743e-02,  4.698088411125829e-02,  1.197371198155139e+00, -1.164960905974889e-01, -2.336224944912501e-01
  8.624999999999999e-01,  1.520259851888049e+00, -4.490661860501133e-02,  4.360855248059115e-02,  1.169655771095999e+00, -1.083327560254749e-01, -2.249112934589774e-01
  8.666666666666666e-01,  1.504860038239653e+00, -4.301395236614747e-02,  4.024672020993709e-02,  1.141778969786902e+00, -9.943717467437201e-02, -2.161952500441187e-01
  8.708333333333333e-01,  1.489010060367611e+00, -4.076301428154361e-02,  3.691762120059781e-02,  1.113782616225871e+00, -8.980907469851059e-02, -2.074816081284994e-01
  8.749999999999999e-01,  1.472735086686032e+00, -3.814049928033025e-02,  3.364500518397842e-02,  1.085711211924250e+00, -7.945357064525495e-02, -1.987782722449380e-01
  8.791666666666665e-01,  1.456062047425788e+00, -3.513504316424054e-02,  3.045451127574165e-02,  1.057611637808695e+00, -6.838100402938282e-02, -1.900940452941925e-01
  8.833333333333333e-01,  1.439019141269389e+00, -3.173774147161357e-02,  2.737174734045441e-02,  1.029533891534229e+00, -5.660673645063561e-02, -1.814385794078842e-01
  8.875000000000000e-01,  1.421636618544960e+00, -2.794209982009299e-02,  2.442433427505715e-02,  1.001529881091946e+00, -4.415078369674744e-02, -1.728227635144182e-01
  8.916666666666667e-01,  1.403946935855022e+00, -2.374431903105045e-02,  2.164209182714555e-02,  9.736530134464272e-01, -3.103736047294878e-02, -1.642588222810687e-01
  8.958333333333333e-01,  1.385983435510073e+00, -1.914402581086416e-02,  1.905265610669275e-02,  9.459599964122760e-01, -1.729465222930515e-02, -1.557598974167934e-01
  8.999999999999999e-01,  1.367781622237568e+00, -1.414405380964046e-02,  1.668523432557986e-02,  9.185086075022701e-01, -2.954207935473478e-03, -1.473404429279739e-01
  9.041666666666667e-01,  1.349378976950326e+00, -8.750783791106054e-03,  1.456992192174509e-02,  8.913575403324627e-01,  1.194954912507340e-02, -1.390160550540917e-01
  9.083333333333333e-01,  1.330813584003230e+00, -2.974678928820307e-03,  1.273313596006162e-02,  8.645682194777019e-01,  2.737938532811653e-02, -1.308028913997105e-01
  9.124999999999999e-01,  1.312125876259103e+00,  3.170000044613097e-03,  1.120320020476578e-02,  8.382013946504873e-01,  4.329614685232944e-02, -1.227179700835142e-01
  9.166666666666666e-01,  1.293356424850685e+00,  9.664604724779480e-03,  1.000294837758310e-02,  8.123203390330348e-01,  5.965844791644398e-02, -1.147782223490493e-01
  9.208333333333333e-01,  1.274547820789030e+00,  1.648641693147668e-02,  9.155971284407399e-03,  7.869869544303091e-01,  7.642367822166847e-02, -1.070006657252686e-01
  9.250000000000000e-01,  1.255742487281264e+00,  2.360833387702121e-02,  8.678948224241515e-03,  7.622651115882315e-01,  9.354747846372714e-02, -9.940140040905308e-02
  9.291666666666666e-01,  1.236983891899997e+00,  3.099906160030352e-02,  8.585677381619685e-03,  7.382178421385791e-01,  1.109843686363496e-01, -9.199541195483722e-02
  9.333333333333332e-01,  1.218316248954321e+00,  3.862331173122557e-02,  8.885841899308434e-03,  7.149072630080106e-01,  1.286880762380414e-01, -8.479606470665788e-02
  9.375000000000000e-01,  1.199783345911552e+00,  4.644204187706369e-02,  9.580142357947670e-03,  6.923965795644903e-01,  1.466110385675281e-01, -7.781433276286823e-02
  9.416666666666667e-01,  1.181429591333212e+00,  5.441247804655203e-02,  1.066374918034846e-02,  6.707475609763121e-01,  1.647047053794741e-01, -7.105838141806962e-02
  9.458333333333334e-01,  1.163299793692255e+00,  6.248918595131281e-02,  1.212479869400027e-02,  6.500209693935305e-01,  1.829203326322308e-01, -6.453342975834266e-02
  9.499999999999998e-01,  1.145438782552567e+00,  7.062346372924555e-02,  1.394174622636486e-02,  6.302774387602744e-01,  2.012073183104645e-01, -5.824083326778973e-02
  9.541666666666666e-01,  1.127891559208135e+00,  7.876615421913669e-02,  1.608299922041626e-02,  6.115782058118227e-01,  2.195157237259768e-01, -5.217886448944208e-02
  9.583333333333333e-01,  1.110704730883200e+00,  8.686349248240144e-02,  1.850992502124002e-02,  5.939820398793785e-01,  2.377912710418545e-01, -4.634121634026196e-02
  9.625000000000000e-01,  1.093925432586018e+00,  9.486298939336169e-02,  2.117125513151839e-02,  5.775504355334412e-01,  2.559798508551434e-01, -4.071915742047456e-02
  9.666666666666666e-01,  1.077603194330269e+00,  1.027103534409706e-01,  2.400719593754671e-02,  5.623448539372130e-01,  2.740233819656809e-01, -3.530128700576841e-02
  9.708333333333332e-01,  1.061790636156361e+00,  1.103509141551540e-01,  2.694933735303550e-02,  5.484280975837905e-01,  2.918596309349677e-01, -3.007530532332128e-02
  9.750000000000000e-01,  1.046544441570509e+00,  1.177287368068736e-01,  2.991934725358962e-02,  5.358656575653881e-01,  3.094176307817122e-01, -2.503001599958431e-02
  9.791666666666666e-01,  1.031926400219744e+00,  1.247886303571639e-01,  3.283081083887943e-02,  5.247269423941250e-01,  3.266174715056690e-01, -2.015880569077875e-02
  9.833333333333334e-01,  1.018006202364371e+00,  1.314708508478315e-01,  3.559428029273486e-02,  5.150803274016238e-01,  3.433579012944800e-01, -1.546407724448300e-02
  9.874999999999999e-01,  1.004860280995343e+00,  1.377167340987924e-01,  3.811640896651109e-02,  5.069966817581626e-01,  3.595180213759135e-01, -1.096340835932481e-02
  9.916666666666666e-01,  9.925725461036116e-01,  1.434653310074316e-01,  4.030919094306775e-02,  5.005402653591408e-01,  3.749463277249807e-01, -6.696255407189535e-03
  9.958333333333333e-01,  9.812306328768398e-01,  1.486561111996250e-01,  4.209476462506314e-02,  4.957622830414701e-01,  3.894578541692489e-01, -2.730079601663738e-03
  1.000000000000000e+00,  9.709190327634130e-01,  1.532334612353723e-01,  4.341608224601028e-02,  4.926893883145828e-01,  4.028408727219300e-01,  8.379544338190702e-04
  1.004166666666667e+00,  9.617083125888742e-01,  1.571523380744839e-01,  4.424167262418904e-02,  4.913133413542655e-01,  4.148703017076720e-01,  3.886456304387603e-03
  1.008333333333333e+00,  9.536435009402874e-01,  1.603864415129586e-01,  4.457114244979045e-02,  4.915848148942764e-01,  4.253393896616166e-01,  6.285952998339848e-03
  1.012500000000000e+00,  9.467360289290094e-01,  1.629338643704026e-01,  4.443161258291563e-02,  4.934177236462869e-01,  4.340935965130835e-01,  7.921441188938195e-03
  1.016666666666667e+00,  9.409635604888198e-01,  1.648177986420520e-01,  4.386901238525282e-02,  4.967029789116604e-01,  4.410558706850576e-01,  8.713225627365278e-03
  1.020833333333333e+00,  9.362779767455859e-01,  1.660825821899534e-01,  4.293566216476253e-02,  5.013290620558856e-01,  4.462335402674014e-01,  8.627674324108048e-03
  1.025000000000000e+00,  9.326171226021062e-01,  1.667844246208112e-01,  4.168290447312255e-02,  5.071947401308052e-01,  4.497033241576799e-01,  7.675136896025171e-03
  1.029166666666667e+00,  9.299158650469649e-01,  1.669841156550456e-01,  4.015451820358565e-02,  5.142197235728664e-01,  4.515889500192394e-01,  5.899700175728068e-03
  1.033333333333333e+00,  9.281138301704601e-01,  1.667407877349771e-01,  3.838783656402520e-02,  5.223452220436536e-01,  4.520383230852916e-01,  3.366337292209219e-03
  1.037500000000000e+00,  9.271582797927909e-01,  1.661084767678143e-01,  3.641189987875814e-02,  5.315315082428078e-01,  4.512042405554303e-01,  1.498342947078341e-04
  1.041666666666667e+00,  9.270048697341936e-01,  1.651345137030626e-01,  3.425110150159018e-02,  5.417521613887738e-01,  4.492344386960274e-01, -3.672504608787826e-03
  1.045833333333333e+00,  9.276174715217818e-01,  1.638608930003540e-01,  3.192823038362237e-02,  5.529913854140140e-01,  4.462669242565965e-01, -8.026411726347327e-03
  1.050000000000000e+00,  9.289651994399225e-01,  1.623235980239908e-01,  2.946281666666669e-02,  5.652376840308890e-01,  4.424264729109482e-01, -1.284189807474758e-02
  1.054166666666667e+00,  9.310211847950666e-01,  1.605534326466720e-01,  2.687450516419690e-02,  5.784801046370457e-01,  4.378261885565155e-01, -1.805395332532155e-02
  1.058333333333333e+00,  9.337611149748537e-01,  1.585777180485699e-01,  2.418282376611315e-02,  5.927072858210336e-01,  4.325684757557699e-01, -2.360322028906674e-02
  1.062500000000000e+00,  9.371617586381071e-01,  1.564207278323591e-01,  2.140740608236668e-02,  6.079049963024187e-01,  4.267465237018229e-01, -2.943540366061238e-02
  1.066666666666667e+00,  9.411999511698061e-01,  1.541042958056029e-01,  1.856802135818965e-02,  6.240548892915181e-01,  4.204458468486826e-01, -3.550079733554461e-02
  1.070833333333334e+00,  9.458518833866507e-01,  1.516482774235146e-01,  1.568444342402384e-02,  6.411337537007697e-01,  4.137456195429359e-01, -4.175381822713487e-02
  1.075000000000000e+00,  9.510926659540933e-01,  1.490708797114659e-01,  1.277623558945336e-02,  6.591131681759218e-01,  4.067197466242404e-01, -4.815260581709294e-02
  1.079166666666667e+00,  9.568961335532348e-01,  1.463888841128738e-01,  9.862494577512412e-03,  6.779594896138630e-01,  3.994376620552270e-01, -5.465870790011625e-02
  1.083333333333333e+00,  9.632348493152535e-01,  1.436177872258493e-01,  6.961583662301428e-03,  6.976341170185064e-01,  3.919648763280549e-01, -6.123685024200329e-02
  1.087500000000000e+00,  9.700802683799413e-01,  1.407718820131303e-01,  4.090876197071337e-03,  7.180939753168315e-01,  3.843633073730461e-01, -6.785477599356714e-02
  1.091666666666667e+00,  9.774030190868848e-01,  1.378642984658591e-01,  1.266523984910461e-03,  7.392921652232569e-01,  3.766914351413004e-01, -7.448313575413126e-02
  1.095833333333333e+00,  9.851732613925521e-01,  1.349070187047636e-01, -1.496740126975352e-03,  7.611787265579386e-01,  3.690043204552664e-01, -8.109540870594607e-02
  1.100000000000000e+00,  9.933610847961920e-01,  1.319108776336362e-01, -4.185759833117348e-03,  7.837014649810498e-01,  3.613535260883130e-01, -8.766783761485376e-02
  1.104166666666667e+00,  1.001936912324206e+00,  1.288855568579641e-01, -6.789070339127473e-03,  8.068067965353297e-01,  3.537869735478503e-01, -9.417936450842586e-02
  1.108333333333333e+00,  1.010871882669115e+00,  1.258395768433644e-01, -9.296969955449038e-03,  8.304405706463456e-01,  3.463487635504097e-01, -1.006115585295855e-01
  1.112500000000000e+00,  1.020138099459229e+00,  1.227802031850043e-01, -1.170211650718883e-02,  8.545489613470294e-01,  3.390791588104798e-01, -1.069486677643701e-01
  1.116666666666667e+00,  1.029709295023559e+00,  1.197137830131940e-01, -1.399714551218129e-02,  8.790786053422782e-01,  3.320137511362275e-01, -1.131770011844552e-01
  1.120833333333333e+00,  1.039560489822335e+00,  1.166450023618955e-01, -1.617821579064633e-02,  9.039777186126792e-01,  3.251848179681287e-01, -1.192858466943112e-01
  1.125000000000000e+00,  1.049668234279792e+00,  1.135784565502891e-01, -1.824307829570741e-02,  9.291980870165171e-01,  3.186172859958236e-01, -1.252655455905113e-01
  1.129166666666667e+00,  1.060011256739593e+00,  1.105162550281589e-01, -2.018970492816616e-02,  9.546914449484800e-01,  3.123347421819236e-01, -1.311097644066975e-01
  1.133333333333333e+00,  1.070569588777498e+00,  1.074592917463941e-01, -2.201978065458615e-02,  9.804122580503577e-01,  3.063580172907640e-01, -1.368156157865416e-01
  1.137500000000000e+00,  1.081326032731388e+00,  1.044097015212821e-01, -2.373129177988674e-02,  1.006321750960016e+00,  3.006915299604488e-01, -1.423758519655915e-01
  1.141666666666667e+00,  1.092263246474768e+00,  1.013653065539712e-01, -2.533089056946200e-02,  1.032379112964178e+00,  2.953508391133576e-01, -1.477938596938770e-01
  1.145833333333333e+00,  1.103366935423165e+00,  9.832484138683073e-02, -2.681920193537838e-02,  1.058548676361480e+00,  2.903368082026037e-01, -1.530691460140104e-01
  1.150000000000000e+00,  1.114623131505941e+00,  9.528569658161379e-02, -2.820107663403915e-02,  1.084798783630676e+00,  2.856461731311526e-01, -1.582036127442420e-01
  1.154166666666667e+00,  1.126019408041580e+00,  9.224405945111736e-02, -2.948061819892136e-02,  1.111099062171740e+00,  2.812730790040675e-01, -1.632017901617604e-01
  1.158333333333333e+00,  1.137543886037654e+00,  8.919535918683841e-02, -3.066272772062113e-02,  1.137422759984960e+00,  2.772053817956162e-01, -1.680689540989156e-01
  1.162500000000000e+00,  1.149185715042956e+00,  8.613401079561211e-02, -3.175109953068132e-02,  1.163743936504137e+00,  2.734286522019714e-01, -1.728128519519248e-01
  1.166666666666667e+00,  1.160933913942809e+00,  8.305383993993565e-02, -3.275141960841175e-02,  1.190040181994559e+00,  2.699231867369424e-01, -1.774422354419241e-01
  1.170833333333333e+00,  1.172777813089864e+00,  7.994791026860182e-02, -3.366724700328165e-02,  1.216290178415485e+00,  2.666648665785265e-01, -1.819666400232262e-01
  1.175000000000000e+00,  1.184706572303302e+00,  7.680867806388569e-02, -3.450215945898966e-02,  1.242473935476739e+00,  2.636265432654211e-01, -1.863969845436559e-01
  1.179166666666667e+00,  1.196709016059633e+00,  7.362808256065501e-02, -3.525899701878980e-02,  1.268572304490285e+00,  2.607780306332442e-01, -1.907450991929812e-01
  1.183333333333334e+00,  1.208773347226699e+00,  7.039761090591634e-02, -3.594004731742126e-02,  1.294566934666550e+00,  2.580860554017708e-01, -1.950232784149249e-01
  1.187500000000000e+00,  1.220887467244469e+00,  6.710856693843925e-02, -3.654568220176918e-02,  1.320438464330865e+00,  2.555168289206052e-01, -1.992449841613410e-01
  1.191666666666667e+00,  1.233038278042854e+00,  6.375201193478186e-02, -3.707596348446852e-02,  1.346168193309099e+00,  2.530335386450433e-01, -2.034232273447607e-01
  1.195833333333334e+00,  1.245212074001455e+00,  6.031902883969908e-02, -3.752947259398185e-02,  1.371736467305727e+00,  2.505988210406076e-01, -2.075712351062540e-01
  1.200000000000000e+00,  1.257394575102177e+00,  5.680083846165607e-02, -3.790288985212779e-02,  1.397122615846456e+00,  2.481743321699481e-01, -2.117018106047057e-01
  1.204166666666667e+00,  1.269570838567551e+00,  5.318916807152863e-02, -3.819317730747741e-02,  1.422305281993939e+00,  2.457226713900650e-01, -2.158279491862470e-01
  1.208333333333333e+00,  1.281725771482457e+00,  4.947624137080497e-02, -3.839425672584152e-02,  1.447261631990234e+00,  2.432053820369858e-01, -2.199615389683214e-01
  1.212500000000000e+00,  1.293844160605961e+00,  4.565518945027436e-02, -3.849923893960844e-02,  1.471967877875845e+00,  2.405845557067322e-01, -2.241140742792939e-01
  1.216666666666667e+00,  1.305911007456650e+00,  4.172028523103188e-02, -3.849991135795165e-02,  1.496399250830182e+00,  2.378224577152619e-01, -2.282964812032965e-01
  1.220833333333333e+00,  1.317911827400902e+00,  3.766723166898811e-02, -3.838686064502941e-02,  1.520530190785084e+00,  2.348813440486267e-01, -2.325192151731014e-01
  1.225000000000000e+00,  1.329832950590667e+00,  3.349345236969392e-02, -3.814962537071480e-02,  1.544334582337803e+00,  2.317231055503614e-01, -2.367924375432439e-01
  1.229166666666667e+00,  1.341661804703643e+00,  2.919837397535630e-02, -3.777689130967054e-02,  1.567786022253691e+00,  2.283087345907382e-01, -2.411262666020182e-01
  1.233333333333333e+00,  1.353387161980026e+00,  2.478368721963986e-02, -3.725672335008199e-02,  1.590858094819794e+00,  2.245976125146892e-01, -2.455310941388579e-01
  1.237500000000000e+00,  1.364999335761801e+00,  2.025357293346741e-02, -3.657682525247760e-02,  1.613524631261433e+00,  2.205466162548208e-01, -2.500179559096079e-01
  1.241666666666667e+00,  1.376490315460539e+00,  1.561487952486895e-02, -3.572481539933912e-02,  1.635759929981951e+00,  2.161090403939730e-01, -2.545989423703996e-01
  1.245833333333333e+00,  1.387853833252972e+00,  1.087723959490328e-02, -3.468850390683591e-02,  1.657538914920325e+00,  2.112333270820308e-01, -2.592876344528759e-01
  1.250000000000000e+00,  1.399085360593227e+00,  6.053115388372277e-03, -3.345615422800558e-02,  1.678837208838388e+00,  2.058615914714444e-01, -2.640995471483356e-01
  1.254166666666667e+00,  1.410182037732521e+00,  1.157765733569960e-03, -3.201671088847135e-02,  1.699631095690335e+00,  1.999279263614047e-01, -2.690525600597181e-01
  1.258333333333333e+00,  1.421142331415432e+00, -3.791283715288474e-03, -3.035993586506271e-02,  1.719897861665542e+00,  1.933545752894842e-01, -2.741669601194643e-01
  1.262500000000000e+00,  1.431966683076491e+00, -8.772848318189252e-03, -2.847659691690832e-02,  1.739613419086200e+00,  1.860568763757336e-01, -2.794671069570335e-01
  1.266666666666667e+00,  1.442656024664995e+00, -1.376492682557817e-02, -2.635783675456903e-02,  1.758754846789666e+00,  1.779287426904796e-01, -2.849793327478745e-01
  1.270833333333333e+00,  1.453212727295886e+00, -1.874248356334096e-02, -2.399742877863885e-02,  1.777296674022954e+00,  1.688538602036980e-01, -2.907342098329729e-01
  1.275000000000000e+00,  1.463639421726997e+00, -2.368039219487583e-02, -2.138770698917181e-02,  1.795211953515596e+00,  1.586869926525476e-01, -2.967637498821229e-01
  1.279166666666667e+00,  1.473940616079724e+00, -2.855009622661253e-02, -1.852332406325241e-02,  1.812466190783845e+00,  1.472743944561662e-01, -3.031028117856572e-01
  1.283333333333333e+00,  1.484120903678087e+00, -3.332392166461973e-02, -1.539809703522295e-02,  1.829018994382442e+00,  1.344295748204865e-01, -3.097840454798098e-01
  1.287500000000000e+00,  1.494186612408951e+00, -3.797269716573481e-02, -1.200643082859110e-02,  1.844816743316049e+00,  1.199500851371364e-01, -3.168351135476991e-01
  1.291666666666667e+00,  1.504146275606166e+00, -4.246634305029207e-02, -8.342694653572312e-03,  1.859787377429929e+00,  1.036209085601229e-01, -3.242708887352586e-01
  1.295833333333333e+00,  1.514012116332927e+00, -4.677275968041261e-02, -4.404693166605831e-03,  1.873832063492478e+00,  8.524152631027153e-02, -3.320818985695080e-01
  1.300000000000000e+00,  1.523802715012737e+00, -5.085486096655423e-02, -1.951403122909334e-04,  1.886813576994657e+00,  6.467695049775052e-02, -3.402167064192591e-01
  1.304166666666667e+00,  1.533543209294110e+00, -5.467173454203378e-02,  4.272905307093830e-03,  1.898551728288755e+00,  4.191033048645240e-02, -3.485589703181105e-01
  1.308333333333334e+00,  1.543266995084387e+00, -5.817388898547549e-02,  8.962644674428073e-03,  1.908819742949444e+00,  1.717612853787927e-02, -3.569052998770991e-01
  1.312500000000000e+00,  1.553011700482859e+00, -6.130398317261476e-02,  1.380610631906010e-02,  1.917362682589446e+00, -8.933585272826883e-03, -3.649582701531703e-01
  1.316666666666667e+00,  1.562808006665292e+00, -6.400339116237808e-02,  1.869391298020858e-02,  1.923945830063242e+00, -3.541993387025023e-02, -3.723574423829502e-01
  1.320833333333333e+00,  1.572662947393309e+00, -6.622617800157671e-02,  2.348676176654829e-02,  1.928421933049794e+00, -6.101311152306153e-02, -3.787578073219367e-01
  1.325000000000000e+00,  1.582546349028946e+00, -6.795516253912726e-02,  2.804098860812098e-02,  1.930782540996462e+00, -8.447631955888625e-02, -3.839240216071204e-01
  1.329166666666667e+00,  1.592390644275765e+00, -6.921103264672102e-02,  3.224247789555242e-02,  1.931154717490344e+00, -1.049401687754205e-01, -3.877804515723751e-01
  1.333333333333333e+00,  1.602105032980872e+00, -7.004715464933597e-02,  3.602475706931980e-02,  1.929747102366260e+00, -1.220470088465930e-01, -3.903904501960582e-01
  1.337500000000000e+00,  1.611593683117132e+00, -7.053503245036263e-02,  3.936528697579911e-02,  1.926786771662282e+00, -1.358740588146771e-01, -3.918968512786056e-01
  1.341666666666667e+00,  1.620768935287941e+00, -7.075045953273285e-02,  4.227450438085044e-02,  1.922475929365721e+00, -1.467711278559463e-01, -3.924651173790556e-01
  1.345833333333333e+00,  1.629556789281718e+00, -7.076432778441455e-02,  4.477820381180738e-02,  1.916977533063945e+00, -1.551973817715601e-01, -3.922514150697333e-01
  1.350000000000000e+00,  1.637897639224096e+00, -7.063777450478614e-02,  4.690963268036369e-02,  1.910414877853966e+00, -1.616221707284883e-01, -3.913901406949185e-01
  1.354166666666667e+00,  1.645744577353113e+00, -7.042256884732456e-02,  4.870459464906739e-02,  1.902876974005233e+00, -1.664807441714367e-01, -3.899897958248120e-01
  1.358333333333333e+00,  1.653060517315754e+00, -7.016086884756656e-02,  5.019440667007924e-02,  1.894429504943393e+00, -1.701436405359016e-01, -3.881388587501955e-01
  1.362500000000000e+00,  1.659816474517179e+00, -6.988620788748645e-02,  5.141019220026875e-02,  1.885118386810067e+00, -1.729210363551836e-01, -3.859083276127400e-01
  1.366666666666667e+00,  1.665988909900975e+00, -6.962544635025303e-02,  5.237697596386527e-02,  1.874978431071296e+00, -1.750628219829528e-01, -3.833554590392158e-01
  1.370833333333333e+00,  1.671558917599888e+00, -6.939962168862968e-02,  5.311860837975585e-02,  1.864034058470290e+00, -1.767697521722126e-01, -3.805265228980653e-01
  1.375000000000000e+00,  1.676510770632925e+00, -6.922495134281648e-02,  5.365560667360818e-02,  1.852303759477062e+00, -1.781984996661181e-01, -3.774593333296241e-01
  1.379166666666667e+00,  1.680831182743195e+00, -6.911356249601064e-02,  5.400602072976603e-02,  1.839801717947152e+00, -1.794690852417556e-01, -3.741849427368443e-01
  1.383333333333334e+00,  1.684508729340410e+00, -6.907408422264383e-02,  5.418568881376924e-02,  1.826539246763822e+00, -1.806708726028856e-01, -3.707289891012668e-01
  1.387500000000000e+00,  1.687533450748501e+00, -6.911209103258331e-02,  5.420847870971399e-02,  1.812525813511904e+00, -1.818676303764614e-01, -3.671127638133286e-01
  1.391666666666667e+00,  1.689896593380112e+00, -6.923043765809545e-02,  5.408648970463209e-02,  1.797769781166641e+00, -1.831017490762005e-01, -3.633540757845770e-01
  1.395833333333333e+00,  1.691590455525141e+00, -6.942951216312387e-02,  5.383022614134645e-02,  1.782278942168305e+00, -1.843977355131564e-01, -3.594679647497720e-01
  1.400000000000000e+00,  1.692608310908682e+00, -6.970743037019145e-02,  5.344875309616034e-02,  1.766060901121245e+00, -1.857651038595564e-01, -3.554672977356284e-01
  1.404166666666667e+00,  1.692944387974129e+00, -7.006019022192511e-02,  5.294984372470896e-02,  1.749123345586450e+00, -1.872007679164390e-01, -3.513632699024359e-01
  1.408333333333333e+00,  1.692593886455759e+00, -7.048180073926158e-02,  5.234012564853359e-02,  1.731474234156932e+00, -1.886910223622588e-01, -3.471658228346249e-01
  1.412500000000000e+00,  1.691553015714202e+00, -7.096439674513988e-02,  5.162523124479604e-02,  1.713121924314761e+00, -1.902131857502175e-01, -3.428839885475190e-01
  1.416666666666667e+00,  1.689819041856570e+00, -7.149834749807438e-02,  5.080995428939237e-02,  1.694075258167212e+00, -1.917369659838863e-01, -3.385261649049078e-01
  1.420833333333333e+00,  1.687390335866359e+00, -7.207236387113003e-02,  4.989840355196521e-02,  1.674343624396228e+00, -1.932255995018127e-01, -3.341003272508641e-01
  1.425000000000000e+00,  1.684266397594151e+00, -7.267361318377108e-02,  4.889421116698181e-02,  1.653936989793146e+00, -1.946368120249708e-01, -3.296141788967125e-01
  1.429166666666667e+00,  1.680447891834378e+00, -7.328782977785187e-02,  4.780064557200268e-02,  1.632865960560370e+00, -1.959236345491251e-01, -3.250752485030284e-01
  1.433333333333333e+00,  1.675936636665890e+00, -7.389943974559299e-02,  4.662082492411816e-02,  1.611141817010475e+00, -1.970351210405996e-01, -3.204909342637166e-01
  1.437500000000000e+00,  1.670735584277226e+00, -7.449168693754138e-02,  4.535787757079084e-02,  1.588776579862511e+00, -1.979169951502328e-01, -3.158685031226651e-01
  1.441666666666667e+00,  1.664848775908451e+00, -7.504676509548935e-02,  4.401511800590389e-02,  1.565783090877596e+00, -1.985122617001689e-01, -3.112150490477598e-01
  1.445833333333333e+00,  1.658281290192945e+00, -7.554594891547262e-02,  4.259616819593152e-02,  1.542175135594083e+00, -1.987618088835569e-01, -3.065374185717952e-01
  1.450000000000000e+00,  1.651039070326790e+00, -7.596990237945600e-02,  4.110471612042950e-02,  1.517967658437402e+00, -1.986047808842787e-01, -3.018423002572502e-01
  1.454166666666667e+00,  1.643129169931241e+00, -7.629816209906193e-02,  3.954638789249673e-02,  1.493176575265135e+00, -1.979802489543285e-01, -2.971353197276446e-01
  1.458333333333333e+00,  1.634559202916954e+00, -7.651024324423594e-02,  3.792629007740838e-02,  1.467819504969701e+00, -1.968264465477589e-01, -2.924220785680497e-01
  1.462500000000000e+00,  1.625337548900587e+00, -7.658516269632676e-02,  3.625078987833798e-02,  1.441915667977232e+00, -1.950825424624047e-01, -2.877072246218798e-01
  1.466666666666667e+00,  1.615473228707632e+00, -7.650172675907285e-02,  3.452724513746080e-02,  1.415486202754787e+00, -1.926892743678497e-01, -2.829945209116483e-01
  1.470833333333333e+00,  1.604975857571722e+00, -7.623868655638999e-02,  3.276408072993638e-02,  1.388554439272226e+00, -1.895898834402204e-01, -2.782867271497463e-01
  1.475000000000000e+00,  1.593855634317017e+00, -7.577489363455414e-02,  3.097086455552957e-02,  1.361146173275395e+00, -1.857311017837591e-01, -2.735855110789349e-01
  1.479166666666667e+00,  1.582123370121528e+00, -7.508946184724130e-02,  2.915837004579573e-02,  1.333289935553750e+00, -1.810641640747241e-01, -2.688913981990823e-01
  1.483333333333333e+00,  1.569790562185917e+00, -7.416193746723754e-02,  2.733862406209341e-02,  1.305017243723098e+00, -1.755458072072121e-01, -2.642037689942269e-01
  1.487500000000000e+00,  1.556869515087191e+00, -7.297247924633554e-02,  2.552493954415998e-02,  1.276362823046732e+00, -1.691392143624735e-01, -2.595209107133912e-01
  1.491666666666667e+00,  1.543373605973585e+00, -7.150194118512410e-02,  2.373237194014865e-02,  1.247364692242585e+00, -1.618151337067295e-01, -2.548399401406068e-01
  1.495833333333333e+00,  1.529316991981547e+00, -6.973256441766318e-02,  2.197560843516605e-02,  1.218064983563818e+00, -1.535518544731510e-01, -2.501572980772683e-01
  1.500000000000000e+00,  1.514715992982717e+00, -6.764731408782798e-02,  2.027324654131813e-02,  1.188507805492789e+00, -1.443353666658362e-01, -2.454699710592207e-01
  1.504166666666667e+00,  1.499587908598823e+00, -6.523088352030526e-02,  1.864313546842333e-02,  1.158743123216931e+00, -1.341636433839745e-01, -2.407713371357927e-01
  1.508333333333334e+00,  1.483952252353108e+00, -6.246983619973601e-02,  1.710383859627999e-02,  1.128822003010572e+00, -1.230371882625398e-01, -2.360603060794985e-01
  1.512500000000000e+00,  1.467831155754914e+00, -5.935210676823766e-02,  1.567819274222960e-02,  1.098800375775803e+00, -1.109726837118542e-01, -2.313297352202688e-01
  1.516666666666667e+00,  1.451248576118195e+00, -5.586843266338581e-02,  1.438653432493322e-02,  1.068737009108470e+00, -9.799028569273714e-02, -2.265767561274524e-01
  1.520833333333333e+00,  1.434231377305272e+00, -5.201193093763745e-02,  1.325138827335751e-02,  1.038693455907208e+00, -8.411943815911328e-02, -2.217980214029168e-01
  1.525000000000000e+00,  1.416809415952024e+00, -4.777804937728103e-02,  1.229612208536843e-02,  1.008732487042999e+00, -6.939310734341490e-02, -2.169938859955237e-01
  1.529166666666667e+00,  1.399015165952512e+00, -4.316548499636030e-02,  1.154423277832276e-02,  9.789202105900142e-01, -5.385311167369539e-02, -2.121634637672422e-01
  1.533333333333333e+00,  1.380883677871273e+00, -3.817640873474737e-02,  1.101826507236596e-02,  9.493249467966267e-01, -3.754637247247367e-02, -2.073071051636766e-01
  1.537500000000000e+00,  1.362453275171543e+00, -3.281617150558813e-02,  1.074249918603180e-02,  9.200150174404638e-01, -2.052293793323010e-02, -2.024274146252651e-01
  1.541666666666667e+00,  1.343764454266667e+00, -2.709382860362664e-02,  1.073870357533988e-02,  8.910604711273409e-01, -2.835627554288882e-03, -1.975284762399520e-01
  1.545833333333333e+00,  1.324860191281019e+00, -2.102225228988264e-02,  1.102792190930998e-02,  8.625317415887864e-01,  1.546009863402192e-02, -1.926153803827517e-01
  1.550000000000000e+00,  1.305785530743178e+00, -1.461824127074562e-02,  1.162925886045930e-02,  8.344994964553132e-01,  3.430713628871562e-02, -1.876941812601340e-01
  1.554166666666667e+00,  1.286587287920709e+00, -7.902570555282429e-03,  1.255927721762607e-02,  8.070342562995578e-01,  5.364731420149356e-02, -1.827715884342269e-01
  1.558333333333333e+00,  1.267313709580254e+00, -8.999832137996933e-04,  1.383127004201040e-02,  7.802060644952504e-01,  7.342185678104207e-02, -1.778545840564399e-01
  1.562500000000000e+00,  1.248014126096542e+00,  6.360891378397682e-03,  1.545448312503372e-02,  7.540841799045011e-01,  9.357174445097297e-02, -1.729499876132399e-01
  1.566666666666667e+00,  1.228738610255541e+00,  1.384769857616952e-02,  1.743329610214406e-02,  7.287368047055567e-01,  1.140379845642004e-01, -1.680639859140302e-01
  1.570833333333333e+00,  1.209537661369437e+00,  2.152460202816275e-02,  1.976638205866182e-02,  7.042308600135802e-01,  1.347618074957094e-01, -1.632016511602659e-01
  1.575000000000000e+00,  1.190461935072823e+00,  2.935260822509100e-02,  2.244586910546678e-02,  6.806318269388356e-01,  1.556848001779566e-01, -1.583664747549160e-01
  1.579166666666667e+00,  1.171562041809691e+00,  3.728996405136131e-02,  2.545653071555723e-02,  6.580036756654901e-01,  1.767489824941331e-01, -1.535599503094141e-01
  1.583333333333333e+00,  1.152888523238160e+00,  4.529215104124518e-02,  2.877525585986743e-02,  6.364085377285774e-01,  1.978962884499447e-01, -1.487809994950867e-01
  1.587500000000000e+00,  1.134491547098360e+00,  5.331414070350404e-02,  3.236939673844413e-02,  6.159083707616552e-01,  2.190705009284481e-01, -1.440267546154521e-01
  1.591666666666667e+00,  1.116421584353991e+00,  6.130831170842921e-02,  3.619781173588343e-02,  5.965631367297095e-01,  2.402141318758482e-01, -1.392911651327335e-01
  1.595833333333333e+00,  1.098729307579576e+00,  6.922807151106425e-02,  4.021049764368011e-02,  5.784332837746623e-01,  2.612722055874844e-01, -1.345669783215500e-01
  1.600000000000000e+00,  1.081466978205747e+00,  7.702180633068578e-02,  4.434439130887461e-02,  5.615783900822992e-01,  2.821818417006416e-01, -1.298434252467774e-01
  1.604166666666667e+00,  1.064688600961934e+00,  8.464156228749165e-02,  4.852940643921196e-02,  5.460606469743383e-01,  3.028836229416032e-01, -1.251118804385803e-01
  1.608333333333333e+00,  1.048451841193592e+00,  9.203733420100702e-02,  5.268506445817644e-02,  5.319442838885297e-01,  3.233107202120032e-01, -1.203654621891073e-01
  1.612500000000000e+00,  1.032819788997092e+00,  9.915749464839330e-02,  5.672158199354196e-02,  5.192968179465696e-01,  3.433858245712852e-01, -1.156033841123200e-01
  1.616666666666667e+00,  1.017862816932664e+00,  1.059493204476198e-01,  6.054475433686163e-02,  5.081888939618996e-01,  3.630183140970564e-01, -1.108369270885772e-01
  1.620833333333334e+00,  1.003660471845837e+00,  1.123573206197284e-01,  6.405612612780713e-02,  4.986942528409695e-01,  3.820940465320956e-01, -1.060967592402977e-01
  1.625000000000000e+00,  9.903033125771703e-01,  1.183180637669832e-01,  6.715711041468583e-02,  4.908813511833477e-01,  4.004570355261388e-01, -1.014427289392193e-01
  1.629166666666667e+00,  9.778894517739699e-01,  1.237679277226373e-01,  6.976330931144474e-02,  4.848089450133237e-01,  4.179154644457503e-01, -9.697431351478099e-02
  1.633333333333334e+00,  9.665184785077696e-01,  1.286429702772720e-01,  7.181055158486793e-02,  4.805123552361667e-01,  4.342335362324891e-01, -9.283515065858895e-02
  1.637500000000000e+00,  9.562791234030161e-01,  1.328838127473979e-01,  7.326843356928209e-02,  4.779839067142160e-01,  4.491433539221928e-01, -8.920684905350171e-02
  1.641666666666667e+00,  9.472325003295857e-01,  1.364495573183999e-01,  7.414431196222258e-02,  4.771682622147593e-01,  4.623860315374222e-01, -8.628543902547994e-02
  1.645833333333333e+00,  9.393995290046211e-01,  1.393261425964751e-01,  7.448111685298878e-02,  4.779633457434190e-01,  4.737577474423623e-01, -8.424513359034061e-02
  1.650000000000000e+00,  9.327582000947143e-01,  1.415287996985253e-01,  7.434048471297507e-02,  4.802370684493977e-01,  4.831449785079333e-01, -8.320387252491496e-02
  1.654166666666667e+00,  9.272540453119592e-01,  1.431022811911897e-01,  7.379518797792577e-02,  4.838573718504710e-01,  4.905481986922460e-01, -8.320724079706722e-02
  1.658333333333333e+00,  9.228149768660154e-01,  1.441051270101168e-01,  7.290627741512527e-02,  4.887066079974892e-01,  4.960503208426132e-01, -8.423374292408393e-02
  1.662500000000000e+00,  9.193666732339143e-01,  1.446025734331970e-01,  7.172371250407873e-02,  4.946955599959105e-01,  4.997934996410819e-01, -8.621426801788021e-02
  1.666666666666667e+00,  9.168417264880263e-01,  1.446576853840640e-01,  7.028531735482772e-02,  5.017626949061472e-01,  5.019458359944546e-01, -8.905339170664583e-02
