Main.Studies.MarkerTracking.t,Main.Studies.MarkerTracking.JointAngleOutputs.OutputFile_LeftLeg.HipFlexion,Main.Studies.MarkerTracking.JointAngleOutputs.OutputFile_LeftLeg.HipAbduction,Main.Studies.MarkerTracking.JointAngleOutputs.OutputFile_LeftLeg.HipExternalRotation,Main.Studies.MarkerTracking.JointAngleOutputs.OutputFile_LeftLeg.KneeFlexion,Main.Studies.MarkerTracking.JointAngleOutputs.OutputFile_LeftLeg.AnklePlantarFlexion,Main.Studies.MarkerTracking.JointAngleOutputs.OutputFile_LeftLeg.SubTalarEversion
  4.583333333333333e-02,  1.504090835515030e+00, -1.597417015136959e-02,  5.983686090718560e-02,  2.016818826061171e+00, -1.497468880374709e-01, -2.245785473557576e-01
  5.000000000000000e-02,  1.513907637140118e+00, -1.473761423377407e-02,  5.877049203026991e-02,  2.017884966250229e+00, -1.557637069581365e-01, -2.260942128691670e-01
  5.416666666666666e-02,  1.523527929241378e+00, -1.345035067431466e-02,  5.780705636520689e-02,  2.018236151454991e+00, -1.620045680778747e-01, -2.276117511660873e-01
  5.833333333333333e-02,  1.532917384670736e+00, -1.212270338419197e-02,  5.694737793494330e-02,  2.017829945750393e+00, -1.684080522842782e-01, -2.291175721464515e-01
  6.250000000000000e-02,  1.542040301625589e+00, -1.077271913829358e-02,  5.619436678480696e-02,  2.016627929754145e+00, -1.749144821049938e-01, -2.305937092170362e-01
  6.666666666666667e-02,  1.550860186255238e+00, -9.420939311526322e-03,  5.554944969962583e-02,  2.014597338434672e+00, -1.814652338194281e-01, -2.320218017930553e-01
  7.083333333333333e-02,  1.559340000936941e+00, -8.089816462745647e-03,  5.501255286236255e-02,  2.011711552332168e+00, -1.880051978665307e-01, -2.333836459713790e-01
  7.500000000000000e-02,  1.567442470992105e+00, -6.802910768140213e-03,  5.458202558680667e-02,  2.007950356832174e+00, -1.944850787126967e-01, -2.346617621348147e-01
  7.916666666666666e-02,  1.575130449134563e+00, -5.583930088403077e-03,  5.425450346550430e-02,  2.003299939347795e+00, -2.008633188799877e-01, -2.358399246339449e-01
  8.333333333333333e-02,  1.582367333558159e+00, -4.455696497322581e-03,  5.402472647836661e-02,  1.997752620796708e+00, -2.071074500211526e-01, -2.369036220031362e-01
  8.749999999999999e-02,  1.589117521176273e+00, -3.439122710848119e-03,  5.388533749469189e-02,  1.991306347320326e+00, -2.131947269010598e-01, -2.378404385001345e-01
  9.166666666666666e-02,  1.595346867874514e+00, -2.552272848946213e-03,  5.382669778775422e-02,  1.983963992184540e+00, -2.191119975765641e-01, -2.386403380031647e-01
  9.583333333333333e-02,  1.601023128224145e+00, -1.809569415998080e-03,  5.383676419219714e-02,  1.975732531155681e+00, -2.248548563084718e-01, -2.392958222526779e-01
  9.999999999999999e-02,  1.606116348139961e+00, -1.221205192185382e-03,  5.390107599483825e-02,  1.966622157094076e+00, -2.304262010463752e-01, -2.398019407395619e-01
  1.041666666666667e-01,  1.610598878462744e+00, -7.951594031914144e-04,  5.400220349797689e-02,  1.956644817372437e+00, -2.358343413857222e-01, -2.401612459214039e-01
  1.083333333333333e-01,  1.614446863787502e+00, -5.274544422189109e-04,  5.412263122826545e-02,  1.945815686270987e+00, -2.410908196614310e-01, -2.403638435011468e-01
  1.125000000000000e-01,  1.617638478748403e+00, -4.170538776566701e-04,  5.424147793285868e-02,  1.934149000535226e+00, -2.462085915194258e-01, -2.404155116288846e-01
  1.166666666666667e-01,  1.620155034932219e+00, -4.569290806288873e-04,  5.433684797491660e-02,  1.921659226029603e+00, -2.511990555365594e-01, -2.403247046270392e-01
  1.208333333333333e-01,  1.621981529059288e+00, -6.339415959200068e-04,  5.438732602344731e-02,  1.908362056139847e+00, -2.560718860327884e-01, -2.400847157890332e-01
  1.250000000000000e-01,  1.623105262797287e+00, -9.340503715222770e-04,  5.437064983870060e-02,  1.894270860261669e+00, -2.608309180552265e-01, -2.397079105035514e-01
  1.291666666666667e-01,  1.623516129321955e+00, -1.339599259952529e-03,  5.426610200215686e-02,  1.879399540858125e+00, -2.654758862810214e-01, -2.391897825888746e-01
  1.333333333333333e-01,  1.623207426437702e+00, -1.830713687761332e-03,  5.405335756646945e-02,  1.863759424042800e+00, -2.699970307939004e-01, -2.385493086391623e-01
  1.375000000000000e-01,  1.622173745332446e+00, -2.386479929776142e-03,  5.371421374493819e-02,  1.847362562223106e+00, -2.743798014542051e-01, -2.377831908244097e-01
  1.416666666666667e-01,  1.620412310282719e+00, -2.983934479952488e-03,  5.323367109219746e-02,  1.830219731916138e+00, -2.786013324507081e-01, -2.368942523729403e-01
  1.458333333333333e-01,  1.617921820031060e+00, -3.600858571092713e-03,  5.259676255340515e-02,  1.812340387746652e+00, -2.826294508737550e-01, -2.358950586730935e-01
  1.500000000000000e-01,  1.614702716283118e+00, -4.213243708809378e-03,  5.179377082343273e-02,  1.793734511889079e+00, -2.864262029448796e-01, -2.347856878146628e-01
  1.541666666666666e-01,  1.610756379989196e+00, -4.798312524690207e-03,  5.081547668840223e-02,  1.774411248958784e+00, -2.899449496031753e-01, -2.335758004471637e-01
  1.583333333333334e-01,  1.606086170993275e+00, -5.330383812481410e-03,  4.966091776943678e-02,  1.754381573243220e+00, -2.931358760836184e-01, -2.322556379071362e-01
  1.625000000000000e-01,  1.600695530305291e+00, -5.786634485325903e-03,  4.832733495726978e-02,  1.733655674252896e+00, -2.959406007291327e-01, -2.308332031238007e-01
  1.666666666666667e-01,  1.594588880664931e+00, -6.143468002461239e-03,  4.681676219416531e-02,  1.712245339308152e+00, -2.982973657636703e-01, -2.293095632013433e-01
  1.708333333333333e-01,  1.587771185858297e+00, -6.377454205531929e-03,  4.513428871892135e-02,  1.690163911429966e+00, -3.001412776133188e-01, -2.276849270897419e-01
  1.750000000000000e-01,  1.580247811337098e+00, -6.465276413884613e-03,  4.328799843592251e-02,  1.667426730374636e+00, -3.014057169801534e-01, -2.259586117215245e-01
  1.791666666666667e-01,  1.572024418928176e+00, -6.383680544614245e-03,  4.128882462049602e-02,  1.644051575159283e+00, -3.020238851894362e-01, -2.241290313220695e-01
  1.833333333333333e-01,  1.563106916319440e+00, -6.109386537908712e-03,  3.915038378378297e-02,  1.620059094606619e+00, -3.019304511581861e-01, -2.221937373689231e-01
  1.875000000000000e-01,  1.553501474061454e+00, -5.618966486104382e-03,  3.688880430714648e-02,  1.595473214253163e+00, -3.010632666423362e-01, -2.201495190896358e-01
  1.916666666666667e-01,  1.543214580252779e+00, -4.888792839047751e-03,  3.452245781661151e-02,  1.570321501418145e+00, -2.993651140155305e-01, -2.179925529519231e-01
  1.958333333333333e-01,  1.532253213746216e+00, -3.894901922307570e-03,  3.207187340896935e-02,  1.544635455964293e+00, -2.967854198095491e-01, -2.157185974572960e-01
  2.000000000000000e-01,  1.520625038060790e+00, -2.612965656528576e-03,  2.955947400321828e-02,  1.518450737517066e+00, -2.932818438775712e-01, -2.133232523003871e-01
  2.041666666666667e-01,  1.508338684934966e+00, -1.018209108875956e-03,  2.700940129907977e-02,  1.491807312700387e+00, -2.888216822704491e-01, -2.108022943079799e-01
  2.083333333333333e-01,  1.495404093726348e+00,  9.146494348404310e-04,  2.444733949623694e-02,  1.464749524035290e+00, -2.833830182150970e-01, -2.081520902765317e-01
  2.125000000000000e-01,  1.481832902132811e+00,  3.211408023332751e-03,  2.190036739172036e-02,  1.437326068697096e+00, -2.769555539460879e-01, -2.053700809670446e-01
  2.166666666666667e-01,  1.467639736515286e+00,  5.900044045875630e-03,  1.939969002455845e-02,  1.409590636355148e+00, -2.695423662890183e-01, -2.024502112625791e-01
  2.208333333333333e-01,  1.452839117227306e+00,  9.003453115522753e-03,  1.696913779908787e-02,  1.381598624141859e+00, -2.611548260548134e-01, -1.994041118268567e-01
  2.250000000000000e-01,  1.437451062178967e+00,  1.254968247797783e-02,  1.464238549799086e-02,  1.353411376555908e+00, -2.518201826590873e-01, -1.962302021819120e-01
  2.291666666666667e-01,  1.421497906255883e+00,  1.656433512010325e-02,  1.245139119893685e-02,  1.325092722713585e+00, -2.415756839515460e-01, -1.929352562482266e-01
  2.333333333333333e-01,  1.405005387771034e+00,  2.107166482173861e-02,  1.042925755062717e-02,  1.296709241825953e+00, -2.304689855618855e-01, -1.895293595761829e-01
  2.375000000000000e-01,  1.388002774958655e+00,  2.609377261685486e-02,  8.610168067213734e-03,  1.268329717871127e+00, -2.185569797719816e-01, -1.860260924662697e-01
  2.416666666666667e-01,  1.370522885294516e+00,  3.164967470971591e-02,  7.029262440259876e-03,  1.240024557675209e+00, -2.059044583284539e-01, -1.824425633848700e-01
  2.458333333333333e-01,  1.352601994321556e+00,  3.775423876962924e-02,  5.722423617856493e-03,  1.211865179555645e+00, -1.925826962717464e-01, -1.787992663454493e-01
  2.500000000000000e-01,  1.334279637219985e+00,  4.441701735795212e-02,  4.725940513097001e-03,  1.183923384310451e+00, -1.786680349518204e-01, -1.751197558011995e-01
  2.541666666666667e-01,  1.315598320809339e+00,  5.164104071464592e-02,  4.076021425931999e-03,  1.156270729075956e+00, -1.642405389904278e-01, -1.714301511566257e-01
  2.583333333333333e-01,  1.296603182766547e+00,  5.942164629978364e-02,  3.808145526883042e-03,  1.128977929365824e+00, -1.493827855940594e-01, -1.677584957358127e-01
  2.625000000000000e-01,  1.277341647144204e+00,  6.774542088089786e-02,  3.956243849696766e-03,  1.102114314201272e+00, -1.341788220463887e-01, -1.641339995151400e-01
  2.666666666666667e-01,  1.257863132192518e+00,  7.658932231168536e-02,  4.551706764953310e-03,  1.075747356965705e+00, -1.187133106573224e-01, -1.605862043938955e-01
  2.708333333333334e-01,  1.238218865387721e+00,  8.592005497447874e-02,  5.622230002483141e-03,  1.049942305260728e+00, -1.030708652857155e-01, -1.571441301463688e-01
  2.750000000000000e-01,  1.218461842403551e+00,  9.569377634278364e-02,  7.190537697763710e-03,  1.024761928858633e+00, -8.733557102941696e-02, -1.538354643430383e-01
  2.791666666666667e-01,  1.198646941064069e+00,  1.058561932132520e-01,  9.273059512012178e-03,  1.000266393681327e+00, -7.159067137648914e-02, -1.506858449236675e-01
  2.833333333333333e-01,  1.178831169420443e+00,  1.163430706234154e-01,  1.187857090839253e-02,  9.765132599994668e-01, -5.591840772851522e-02, -1.477182665647553e-01
  2.875000000000000e-01,  1.159074000764420e+00,  1.270811729834609e-01,  1.500707487343379e-02,  9.535575716388470e-01, -4.039998364177518e-02, -1.449526426869345e-01
  2.916666666666667e-01,  1.139437696878911e+00,  1.379896151883888e-01,  1.864877343061825e-02,  9.314520106861242e-01, -2.511562713232788e-02, -1.424055570486868e-01
  2.958333333333333e-01,  1.119987522168074e+00,  1.489816489277573e-01,  2.278343298440275e-02,  9.102470714825982e-01, -1.014469336946436e-02, -1.400902399900955e-01
  3.000000000000000e-01,  1.100791675056351e+00,  1.599668478865088e-01,  2.738028956057136e-02,  8.899912061231138e-01,  4.434259802626479e-03, -1.380167822449722e-01
  3.041666666666666e-01,  1.081920941371288e+00,  1.708536242406766e-01,  3.239832213448594e-02,  8.707309005779493e-01,  1.854349223441693e-02, -1.361925551607907e-01
  3.083333333333333e-01,  1.063447814683406e+00,  1.815519303385096e-01,  3.778731635332037e-02,  8.525105949315082e-01,  3.210626934508383e-02, -1.346227873677630e-01
  3.125000000000000e-01,  1.045447010910906e+00,  1.919860914570408e-01,  4.348978766455382e-02,  8.353759241118525e-01,  4.504899597373775e-02, -1.333170363709590e-01
  3.166666666666667e-01,  1.027986494384147e+00,  2.020576400445941e-01,  4.944185017241674e-02,  8.193595825909058e-01,  5.729513584555479e-02, -1.322667651163047e-01
  3.208333333333334e-01,  1.011136360684582e+00,  2.117067583955321e-01,  5.557697864631313e-02,  8.045011423720959e-01,  6.877639530555403e-02, -1.314800875177187e-01
  3.250000000000000e-01,  9.949595553898383e-01,  2.208753494223654e-01,  6.182796187008342e-02,  7.908330501726900e-01,  7.942740683686916e-02, -1.309595905491619e-01
  3.291666666666667e-01,  9.795117091125621e-01,  2.295177783841031e-01,  6.812939863969986e-02,  7.783832049698709e-01,  8.918899458603809e-02, -1.307079042087534e-01
  3.333333333333334e-01,  9.648380175938249e-01,  2.375910588463594e-01,  7.441826157815805e-02,  7.671707156459104e-01,  9.800814236093501e-02, -1.307212498583316e-01
  3.375000000000000e-01,  9.509780892616311e-01,  2.450960399602078e-01,  8.064152028848089e-02,  7.572197891528921e-01,  1.058468776332864e-01, -1.310135069677955e-01
  3.416666666666667e-01,  9.379561578498228e-01,  2.520138005424539e-01,  8.674829369799504e-02,  7.485376063662861e-01,  1.126731149774426e-01, -1.315781484501395e-01
  3.458333333333333e-01,  9.257874198679856e-01,  2.583460657412500e-01,  9.269591226090201e-02,  7.411288779544024e-01,  1.184690980551240e-01, -1.324120852837367e-01
  3.500000000000000e-01,  9.144771557456155e-01,  2.641027512581040e-01,  9.844832107708644e-02,  7.349924394526972e-01,  1.232303884901682e-01, -1.335084325527751e-01
  3.541666666666667e-01,  9.040210121889110e-01,  2.692944081598576e-01,  1.039739366954553e-01,  7.301197356861908e-01,  1.269650017634414e-01, -1.348520256171863e-01
  3.583333333333333e-01,  8.944102855950948e-01,  2.739518625307087e-01,  1.092507334783978e-01,  7.265038579318943e-01,  1.296972063298157e-01, -1.364331890689002e-01
  3.625000000000000e-01,  8.856279313061216e-01,  2.780908340424872e-01,  1.142560077736467e-01,  7.241278323694587e-01,  1.314601171718648e-01, -1.382254852256559e-01
  3.666666666666667e-01,  8.776549790301519e-01,  2.817368250937697e-01,  1.189730602152207e-01,  7.229758013604131e-01,  1.322994373319407e-01, -1.402035818231079e-01
  3.708333333333333e-01,  8.704680128409247e-01,  2.849011643271200e-01,  1.233830145937125e-01,  7.230251841997345e-01,  1.322670595681998e-01, -1.423280983683793e-01
  3.750000000000000e-01,  8.640452682305176e-01,  2.876059021445292e-01,  1.274725697385826e-01,  7.242576625735084e-01,  1.314245404616708e-01, -1.445646399130208e-01
  3.791666666666667e-01,  8.583645822009728e-01,  2.898654668772571e-01,  1.312279575985522e-01,  7.266529839782411e-01,  1.298374906623283e-01, -1.468725810150390e-01
  3.833333333333334e-01,  8.534044988018787e-01,  2.916806739325297e-01,  1.346322804784864e-01,  7.301879592763540e-01,  1.275723235964793e-01, -1.492024006855256e-01
  3.875000000000000e-01,  8.491468214700388e-01,  2.930806902842404e-01,  1.376815429972323e-01,  7.348500524620780e-01,  1.247044330990708e-01, -1.515261397983176e-01
  3.916666666666667e-01,  8.455736694486458e-01,  2.940587505329775e-01,  1.403603007058975e-01,  7.406169008647593e-01,  1.213020108119551e-01, -1.537941430368777e-01
  3.958333333333333e-01,  8.426697251137037e-01,  2.946165812879233e-01,  1.426586879764538e-01,  7.474702530062957e-01,  1.174352164055065e-01, -1.559668254393471e-01
  4.000000000000000e-01,  8.404215203021614e-01,  2.947535765062774e-01,  1.445685385027204e-01,  7.553920969099602e-01,  1.131729062157415e-01, -1.580080485260644e-01
  4.041666666666667e-01,  8.388171840275944e-01,  2.944673091341103e-01,  1.460838540162394e-01,  7.643643285203271e-01,  1.085822091869992e-01, -1.598860968577209e-01
  4.083333333333333e-01,  8.378461337681462e-01,  2.937540842417572e-01,  1.472012659929021e-01,  7.743683920593415e-01,  1.037283270798123e-01, -1.615744755837708e-01
  4.125000000000000e-01,  8.374987330631565e-01,  2.926095116566978e-01,  1.479204735642946e-01,  7.853849230187878e-01,  9.867448618591626e-02, -1.630525127402360e-01
  4.166666666666667e-01,  8.377646012115102e-01,  2.910185090305477e-01,  1.482424761622032e-01,  7.973895486345992e-01,  9.348011232930170e-02, -1.643014816399588e-01
  4.208333333333333e-01,  8.386376661109821e-01,  2.889996451422656e-01,  1.481788223889012e-01,  8.103684780317678e-01,  8.820865711227177e-02, -1.653233225922437e-01
  4.250000000000000e-01,  8.401075275700428e-01,  2.865378230056490e-01,  1.477380853791968e-01,  8.242938260948283e-01,  8.291513212733174e-02, -1.661106458648263e-01
  4.291666666666667e-01,  8.421647825128127e-01,  2.836315206321145e-01,  1.469354617354714e-01,  8.391401881580541e-01,  7.765472956792428e-02, -1.666679854335597e-01
  4.333333333333333e-01,  8.447993376722940e-01,  2.802812057494448e-01,  1.457903313855727e-01,  8.548802756273038e-01,  7.248031412363858e-02, -1.670057323515852e-01
  4.375000000000000e-01,  8.480002111225848e-01,  2.764898139271983e-01,  1.443261781973585e-01,  8.714849441122517e-01,  6.744211978547561e-02, -1.671396692948598e-01
  4.416666666666667e-01,  8.517554522332796e-01,  2.722632863015557e-01,  1.425702806208979e-01,  8.889233082421015e-01,  6.258734383004436e-02, -1.670904120342226e-01
  4.458333333333334e-01,  8.560520109201984e-01,  2.676109542695695e-01,  1.405534872687130e-01,  9.071629128850334e-01,  5.795964218682964e-02, -1.668827579660113e-01
  4.500000000000000e-01,  8.608757933826175e-01,  2.625460296751403e-01,  1.383096447703990e-01,  9.261699838366076e-01,  5.359855251354893e-02, -1.665449945209540e-01
  4.541666666666667e-01,  8.662117200196374e-01,  2.570860060542850e-01,  1.358750135842461e-01,  9.459097293821773e-01,  4.953887683218672e-02, -1.661081981900188e-01
  4.583333333333334e-01,  8.720438318414521e-01,  2.512530050103883e-01,  1.332875577440707e-01,  9.663466690096992e-01,  4.581004267707498e-02, -1.656055240783964e-01
  4.625000000000000e-01,  8.783554221949371e-01,  2.450740092763208e-01,  1.305861387714301e-01,  9.874449605372001e-01,  4.243547582862785e-02, -1.650714812319204e-01
  4.666666666666667e-01,  8.851294968713057e-01,  2.385830581420090e-01,  1.278120310780963e-01,  1.009170302276881e+00,  3.943027265990140e-02, -1.645341696439002e-01
  4.708333333333333e-01,  8.923475961304447e-01,  2.318127718444327e-01,  1.249985240300715e-01,  1.031483795760183e+00,  3.680760495658998e-02, -1.640425033967443e-01
  4.750000000000000e-01,  8.999920222533555e-01,  2.248069251327274e-01,  1.221839117695441e-01,  1.054351851925890e+00,  3.456826647017230e-02, -1.636243575497575e-01
  4.791666666666666e-01,  9.080444184995774e-01,  2.176113671726576e-01,  1.194014090657385e-01,  1.077739796419629e+00,  3.270702155069640e-02, -1.633130786757629e-01
  4.833333333333333e-01,  9.164861809918669e-01,  2.102756441892151e-01,  1.166804982570782e-01,  1.101613550653639e+00,  3.121096576062352e-02, -1.631403724010820e-01
  4.875000000000000e-01,  9.252984321066174e-01,  2.028521992625432e-01,  1.140461100702289e-01,  1.125939567109534e+00,  3.005967352136957e-02, -1.631358941377924e-01
  4.916666666666667e-01,  9.344619505558303e-01,  1.953953439541882e-01,  1.115179125181507e-01,  1.150684655981667e+00,  2.922554093293336e-02, -1.633269029747529e-01
  4.958333333333334e-01,  9.439570667451034e-01,  1.879599903230253e-01,  1.091097454359977e-01,  1.175815698438254e+00,  2.867432615767778e-02, -1.637379511984036e-01
  5.000000000000000e-01,  9.537635412375296e-01,  1.806001945258553e-01,  1.068292408121842e-01,  1.201299263485226e+00,  2.836589774211386e-02, -1.643906093239121e-01
  5.041666666666667e-01,  9.638604490803618e-01,  1.733675970167687e-01,  1.046776648801166e-01,  1.227101161178185e+00,  2.825518564517738e-02, -1.653032492749040e-01
  5.083333333333333e-01,  9.742260965850154e-01,  1.663098269915502e-01,  1.026500019339189e-01,  1.253185964667053e+00,  2.829330513436369e-02, -1.664909036315126e-01
  5.125000000000000e-01,  9.848374193812346e-01,  1.594675551725391e-01,  1.007368739405897e-01,  1.279515709851768e+00,  2.842949384287880e-02, -1.679670261223413e-01
  5.166666666666666e-01,  9.956723271669967e-01,  1.528781186004191e-01,  9.891882938376852e-02,  1.306052661057454e+00,  2.860974065078339e-02, -1.697360735704979e-01
  5.208333333333334e-01,  1.006707620758962e+00,  1.465702598567407e-01,  9.717374709969726e-02,  1.332756056135114e+00,  2.878070140572106e-02, -1.718014470417466e-01
  5.249999999999999e-01,  1.017916335566091e+00,  1.405553127542876e-01,  9.548553737795426e-02,  1.359577738191666e+00,  2.889363973193115e-02, -1.741706671701325e-01
  5.291666666666667e-01,  1.029278190556241e+00,  1.348373264019667e-01,  9.381612383903426e-02,  1.386471668834467e+00,  2.890093299261330e-02, -1.768422130553740e-01
  5.333333333333333e-01,  1.040764084647059e+00,  1.294215083452828e-01,  9.215320118410474e-02,  1.413387324425899e+00,  2.875439244117054e-02, -1.798061254003883e-01
  5.375000000000000e-01,  1.052356887706048e+00,  1.242812782330120e-01,  9.045768080474070e-02,  1.440271134813181e+00,  2.841801748486640e-02, -1.830608836078901e-01
  5.416666666666667e-01,  1.064032615488471e+00,  1.193982296837603e-01,  8.871076845398546e-02,  1.467068120251520e+00,  2.785541757304674e-02, -1.865940926617715e-01
  5.458333333333333e-01,  1.075772046599708e+00,  1.147321625989657e-01,  8.689113828843668e-02,  1.493719303121540e+00,  2.704015200372350e-02, -1.903966749988990e-01
  5.499999999999999e-01,  1.087559027968672e+00,  1.102485445134913e-01,  8.498191406804051e-02,  1.520168474031706e+00,  2.594842827062378e-02, -1.944531853810799e-01
  5.541666666666666e-01,  1.099378609578411e+00,  1.058971486433051e-01,  8.297271610638990e-02,  1.546355258483109e+00,  2.456617730177800e-02, -1.987509885543179e-01
  5.583333333333333e-01,  1.111219079571484e+00,  1.016345268336740e-01,  8.085774413115335e-02,  1.572222419243256e+00,  2.288296458164189e-02, -2.032733067050568e-01
  5.624999999999999e-01,  1.123071489225449e+00,  9.739888573364808e-02,  7.863989135474207e-02,  1.597708535511494e+00,  2.090030898888640e-02, -2.080086601351855e-01
  5.666666666666667e-01,  1.134929750136020e+00,  9.314890860296710e-02,  7.632526721038606e-02,  1.622758926017388e+00,  1.862049642752894e-02, -2.129396856859639e-01
  5.708333333333333e-01,  1.146790304993939e+00,  8.884227145730517e-02,  7.392605413018521e-02,  1.647319505729683e+00,  1.605330630738235e-02, -2.180507162823205e-01
  5.750000000000000e-01,  1.158651936139755e+00,  8.444367060504354e-02,  7.145886348372218e-02,  1.671338993106539e+00,  1.321386560127001e-02, -2.233260055631056e-01
  5.791666666666666e-01,  1.170515459448121e+00,  7.992655209093713e-02,  6.894373221218991e-02,  1.694769340415643e+00,  1.012217689210573e-02, -2.287497194863958e-01
  5.833333333333333e-01,  1.182383398664686e+00,  7.527430764279019e-02,  6.640296159689746e-02,  1.717566054565571e+00,  6.802611032991891e-03, -2.343058698045014e-01
  5.875000000000000e-01,  1.194259616157101e+00,  7.048088709057865e-02,  6.385997752823082e-02,  1.739688390009050e+00,  3.283366796346592e-03, -2.399782118686568e-01
  5.916666666666666e-01,  1.206148920791910e+00,  6.555082261057232e-02,  6.133822342743947e-02,  1.761099429154797e+00, -4.040926867318882e-04, -2.457501297717628e-01
  5.958333333333333e-01,  1.218056652928912e+00,  6.049873024734165e-02,  5.886017826228094e-02,  1.781766064760493e+00, -4.225627636745190e-03, -2.516045270172360e-01
  6.000000000000000e-01,  1.229988294953352e+00,  5.534739038844738e-02,  5.644883722248766e-02,  1.801658982178996e+00, -8.147689867798413e-03, -2.575202320346070e-01
  6.041666666666666e-01,  1.241948851744807e+00,  5.012983581263342e-02,  5.411838885608486e-02,  1.820752093520546e+00, -1.212770754727185e-02, -2.634854030888300e-01
  6.083333333333333e-01,  1.253942675329944e+00,  4.488347496697065e-02,  5.188623003331474e-02,  1.839023056953445e+00, -1.612952200635366e-02, -2.694780713465708e-01
  6.124999999999999e-01,  1.265972770654024e+00,  3.965070171158436e-02,  4.976481878374744e-02,  1.856452471210899e+00, -2.011456722330851e-02, -2.754786363538831e-01
  6.166666666666666e-01,  1.278040358239593e+00,  3.447669792347274e-02,  4.776354290732126e-02,  1.873023799348858e+00, -2.404490208876781e-02, -2.814669838183342e-01
  6.208333333333333e-01,  1.290144357408585e+00,  2.940769747135907e-02,  4.588875557108826e-02,  1.888723138360986e+00, -2.788398168807663e-02, -2.874226837798421e-01
  6.249999999999999e-01,  1.302280388362508e+00,  2.448697461434080e-02,  4.414477260307527e-02,  1.903538835322209e+00, -3.160001120667774e-02, -2.933217762770351e-01
  6.291666666666667e-01,  1.314442300760600e+00,  1.976269960439336e-02,  4.253085154528274e-02,  1.917461986776671e+00, -3.515668724060049e-02, -2.991506613836803e-01
  6.333333333333332e-01,  1.326618930501825e+00,  1.527285581332016e-02,  4.104620066577581e-02,  1.930485293777405e+00, -3.852863796981569e-02, -3.048865918303646e-01
  6.375000000000000e-01,  1.338795732918988e+00,  1.105317695806063e-02,  3.968730112628801e-02,  1.942603619341444e+00, -4.169267797233178e-02, -3.105108835354325e-01
  6.416666666666666e-01,  1.350954230091108e+00,  7.134136620082998e-03,  3.844897992486054e-02,  1.953813780462402e+00, -4.463086593866323e-02, -3.160061358110895e-01
  6.458333333333333e-01,  1.363072073956114e+00,  3.540388671521066e-03,  3.732477536434362e-02,  1.964114534678418e+00, -4.733120603342729e-02, -3.213565866878536e-01
  6.500000000000000e-01,  1.375123270320286e+00,  2.904513782822082e-04,  3.630729834706261e-02,  1.973506592167347e+00, -4.978828005468738e-02, -3.265484489944411e-01
  6.541666666666666e-01,  1.387078556958846e+00, -2.603373524335817e-03,  3.538857195180151e-02,  1.981992636965226e+00, -5.200376099960339e-02, -3.315702395564785e-01
  6.583333333333333e-01,  1.398905917405736e+00, -5.134862250589123e-03,  3.456033366428599e-02,  1.989577339361096e+00, -5.398676759142433e-02, -3.364131201019978e-01
  6.625000000000000e-01,  1.410571203177634e+00, -7.303522302181564e-03,  3.381429475981066e-02,  1.996267348201769e+00, -5.575407149837524e-02, -3.410712347349463e-01
  6.666666666666666e-01,  1.422038827906896e+00, -9.114060516602684e-03,  3.314235474801671e-02,  2.002071250172316e+00, -5.733017652926943e-02, -3.455420058313657e-01
  6.708333333333333e-01,  1.433272493252047e+00, -1.057571401859980e-02,  3.253676660939800e-02,  2.006999475970161e+00, -5.874724139362490e-02, -3.498263517276803e-01
  6.749999999999999e-01,  1.444235913766707e+00, -1.170149528347819e-02,  3.199024605430027e-02,  2.011064138609407e+00, -6.004480240555345e-02, -3.539287992257353e-01
  6.791666666666666e-01,  1.454893507920073e+00, -1.250739335577133e-02,  3.149601952414262e-02,  2.014278797722640e+00, -6.126927609654501e-02, -3.578574761733394e-01
  6.833333333333332e-01,  1.465211014694229e+00, -1.301157485815518e-02,  3.104781471331954e-02,  2.016658146354458e+00, -6.247324242083695e-02, -3.616239719077397e-01
  6.875000000000000e-01,  1.475156007394016e+00, -1.323362677019801e-02,  3.063980779517701e-02,  2.018217622377320e+00, -6.371451479610016e-02, -3.652430489768947e-01
  6.916666666666667e-01,  1.484698300091421e+00, -1.319387242104542e-02,  3.026654167378192e-02,  2.018972955449310e+00, -6.505499393659399e-02, -3.687322005907886e-01
  6.958333333333333e-01,  1.493810250464570e+00, -1.291278185285516e-02,  2.992282596926128e-02,  2.018939667839863e+00, -6.655931034364987e-02, -3.721110543377967e-01
  7.000000000000000e-01,  1.502466959497900e+00, -1.241049355046075e-02,  2.960363320296700e-02,  2.018132551755778e+00, -6.829329177878386e-02, -3.754006149713463e-01
  7.041666666666666e-01,  1.510646363649934e+00, -1.170646461527558e-02,  2.930400873814732e-02,  2.016565145447580e+00, -7.032230690949977e-02, -3.786223505560462e-01
  7.083333333333333e-01,  1.518329214252492e+00, -1.081925504307968e-02,  2.901900853632065e-02,  2.014249230228914e+00, -7.270953254935814e-02, -3.817971522466741e-01
  7.125000000000000e-01,  1.525498949968636e+00, -9.766431627894701e-03,  2.874367418163215e-02,  2.011194373830566e+00, -7.551418903508332e-02, -3.849442152844937e-01
  7.166666666666666e-01,  1.532141137909539e+00, -8.565083779098481e-03,  2.847184360307990e-02,  2.007407578354618e+00, -7.878926547425030e-02, -3.880807803185301e-01
  7.208333333333333e-01,  1.538245302018171e+00, -7.227741385729791e-03,  2.820103510368130e-02,  2.002892983778831e+00, -8.257998845499220e-02, -3.912212916774034e-01
  7.249999999999999e-01,  1.543799521298025e+00, -5.774277631003466e-03,  2.792524767157942e-02,  1.997651436300251e+00, -8.692706739109855e-02, -3.943662029468357e-01
  7.291666666666666e-01,  1.548796130282722e+00, -4.216551330165519e-03,  2.764001764805740e-02,  1.991681054535426e+00, -9.185516207527886e-02, -3.975214015171735e-01
  7.333333333333333e-01,  1.553227803872710e+00, -2.568338752226840e-03,  2.734103894584958e-02,  1.984976904466741e+00, -9.737952052759703e-02, -4.006824412632213e-01
  7.374999999999999e-01,  1.557088163538213e+00, -8.426445583089581e-04,  2.702389235433595e-02,  1.977531434461407e+00, -1.035022179752608e-01, -4.038398411290320e-01
  7.416666666666667e-01,  1.560371568161645e+00,  9.477401005077990e-04,  2.668594806350041e-02,  1.969334812353017e+00, -1.102135984214005e-01, -4.069750651910456e-01
  7.458333333333332e-01,  1.563072274171467e+00,  2.790022203448261e-03,  2.632370045981056e-02,  1.960375601370178e+00, -1.174902169195333e-01, -4.100640496165431e-01
  7.500000000000000e-01,  1.565185302910767e+00,  4.672830808534201e-03,  2.593814989756094e-02,  1.950641612683911e+00, -1.252992236273282e-01, -4.130680591921503e-01
  7.541666666666667e-01,  1.566704633654716e+00,  6.579708506726512e-03,  2.552473127441075e-02,  1.940116976340065e+00, -1.335840489453662e-01, -4.159789504065944e-01
  7.583333333333333e-01,  1.567624964661409e+00,  8.506485170184819e-03,  2.507803690260099e-02,  1.928791947367301e+00, -1.422832446409973e-01, -4.187491572239221e-01
  7.625000000000000e-01,  1.567942083579826e+00,  1.044407930590219e-02,  2.460376215698662e-02,  1.916653330170895e+00, -1.513252171151445e-01, -4.213424981298229e-01
  7.666666666666666e-01,  1.567648701361167e+00,  1.238185298400718e-02,  2.409720284248746e-02,  1.903690505959443e+00, -1.606246743711012e-01, -4.237267811986983e-01
  7.708333333333333e-01,  1.566739643650767e+00,  1.431537333042332e-02,  2.355831009740984e-02,  1.889894875332709e+00, -1.700868402412423e-01, -4.258731124966360e-01
  7.749999999999999e-01,  1.565208809195938e+00,  1.623996639008851e-02,  2.298810683098614e-02,  1.875260466759669e+00, -1.796124756170357e-01, -4.277490897684672e-01
  7.791666666666666e-01,  1.563050785205251e+00,  1.815519623824113e-02,  2.238489589427545e-02,  1.859784098114468e+00, -1.890915641651052e-01, -4.293375839403658e-01
  7.833333333333333e-01,  1.560260499658052e+00,  2.006344662245052e-02,  2.174666140088810e-02,  1.843465701470890e+00, -1.984087845622406e-01, -4.306289260287597e-01
  7.875000000000000e-01,  1.556832850389789e+00,  2.196854748765675e-02,  2.107501262530033e-02,  1.826308881439257e+00, -2.074506502938769e-01, -4.316089805678623e-01
  7.916666666666666e-01,  1.552763669562804e+00,  2.387893132993768e-02,  2.036834192397339e-02,  1.808320541995372e+00, -2.160972292519909e-01, -4.322814770824612e-01
  7.958333333333333e-01,  1.548049205031527e+00,  2.580569730642313e-02,  1.962650865513878e-02,  1.789511288977140e+00, -2.242302470730276e-01, -4.326531838512286e-01
  7.999999999999999e-01,  1.542686262634510e+00,  2.776299393754922e-02,  1.885006428320361e-02,  1.769895404891854e+00, -2.317333220269364e-01, -4.327363622178299e-01
  8.041666666666667e-01,  1.536672178344036e+00,  2.976783757517820e-02,  1.804059173310461e-02,  1.749490864940773e+00, -2.384937123692371e-01, -4.325475425817720e-01
  8.083333333333332e-01,  1.530005041712119e+00,  3.184053184320534e-02,  1.720007852033044e-02,  1.728319136374970e+00, -2.444021774821582e-01, -4.321102066880175e-01
  8.125000000000000e-01,  1.522682521899848e+00,  3.400173721459820e-02,  1.633510821845398e-02,  1.706405955885734e+00, -2.493620064577975e-01, -4.314374823136660e-01
  8.166666666666665e-01,  1.514703439549863e+00,  3.627603900847332e-02,  1.545143532915853e-02,  1.683780185601042e+00, -2.532798527940739e-01, -4.305543778604367e-01
  8.208333333333333e-01,  1.506066692814343e+00,  3.868906492781310e-02,  1.455797455682836e-02,  1.660474512221511e+00, -2.560743364070023e-01, -4.294812783989958e-01
  8.250000000000000e-01,  1.496771543370970e+00,  4.126777087936961e-02,  1.366603905209776e-02,  1.636525224362233e+00, -2.576757474451120e-01, -4.282368158779083e-01
  8.291666666666666e-01,  1.486817687169767e+00,  4.404012217231479e-02,  1.278942078004858e-02,  1.611972141424688e+00, -2.580273001943699e-01, -4.268372470050604e-01
  8.333333333333334e-01,  1.476205368609354e+00,  4.703481701700030e-02,  1.194439829490130e-02,  1.586858512443226e+00, -2.570861550557121e-01, -4.252961262053593e-01
  8.374999999999999e-01,  1.464935531492043e+00,  5.028104521943666e-02,  1.114968575628592e-02,  1.561230873119838e+00, -2.548241608271317e-01, -4.236242439141674e-01
  8.416666666666667e-01,  1.453009997214461e+00,  5.380825281570201e-02,  1.042633934303227e-02,  1.535138851815482e+00, -2.512282793541927e-01, -4.218297906449008e-01
  8.458333333333333e-01,  1.440431677882085e+00,  5.764589706785017e-02,  9.797631621285862e-03,  1.508634926720771e+00, -2.463006543240714e-01, -4.199187166855181e-01
  8.500000000000000e-01,  1.427204844053945e+00,  6.182318801464470e-02,  9.288903120593812e-03,  1.481774142772824e+00, -2.400582940034815e-01, -4.178952585934069e-01
  8.541666666666666e-01,  1.413335444849390e+00,  6.636880366810338e-02,  8.927396519598160e-03,  1.454613793886463e+00, -2.325323565669861e-01, -4.157626032870244e-01
  8.583333333333332e-01,  1.398831449641434e+00,  7.131056092704657e-02,  8.742074810390897e-03,  1.427213074861679e+00, -2.237670560481485e-01, -4.135236420483014e-01
  8.624999999999999e-01,  1.383702831753125e+00,  7.667408595595471e-02,  8.763929323658116e-03,  1.399632900359675e+00, -2.138200601959751e-01, -4.111783360032733e-01
  8.666666666666666e-01,  1.367963212532768e+00,  8.248596917855222e-02,  9.023690837454969e-03,  1.371934689765981e+00, -2.027535328029084e-01, -4.087381975421495e-01
  8.708333333333333e-01,  1.351628010898130e+00,  8.876765266743214e-02,  9.554832121984351e-03,  1.344181218040055e+00, -1.906434858385244e-01, -4.062058330463591e-01
  8.749999999999999e-01,  1.334715978050802e+00,  9.553844567870939e-02,  1.039104933631306e-02,  1.316435358352686e+00, -1.775703527486191e-01, -4.035896809846737e-01
  8.791666666666665e-01,  1.317248949290065e+00,  1.028138980493030e-01,  1.156649258563079e-02,  1.288759934841881e+00, -1.636190191998977e-01, -4.009007162930582e-01
  8.833333333333333e-01,  1.299251884699564e+00,  1.106049462278738e-01,  1.311535216697222e-02,  1.261217352104734e+00, -1.488771009299828e-01, -3.981525351165842e-01
  8.875000000000000e-01,  1.280752867821207e+00,  1.189169082876029e-01,  1.507134110212720e-02,  1.233869222380386e+00, -1.334334438346292e-01, -3.953611855966962e-01
  8.916666666666667e-01,  1.261783110132893e+00,  1.277484128393429e-01,  1.746703142079935e-02,  1.206776021149376e+00, -1.173768442012002e-01, -3.925447944535427e-01
  8.958333333333333e-01,  1.242377013071460e+00,  1.370903557354275e-01,  2.033301190288384e-02,  1.179996804370863e+00, -1.007949877665413e-01, -3.897230405292076e-01
  8.999999999999999e-01,  1.222572330519344e+00,  1.469249486899005e-01,  2.369685211508966e-02,  1.153589006769023e+00, -8.377363735830225e-02, -3.869165030714125e-01
  9.041666666666667e-01,  1.202410459728360e+00,  1.572248800336411e-01,  2.758186877593159e-02,  1.127608319635609e+00, -6.639611209053180e-02, -3.841459006701375e-01
  9.083333333333333e-01,  1.181936881414045e+00,  1.679526096665316e-01,  3.200571617864548e-02,  1.102108641077381e+00, -4.874307080366606e-02, -3.814312548396997e-01
  9.124999999999999e-01,  1.161201761340896e+00,  1.790598845825633e-01,  3.697881090902723e-02,  1.077142114245081e+00, -3.089256355315195e-02, -3.787910506808855e-01
  9.166666666666666e-01,  1.140260703496517e+00,  1.904876037961141e-01,  4.250266368676951e-02,  1.052759277650171e+00, -1.292031747003185e-02, -3.762414670422896e-01
  9.208333333333333e-01,  1.119175585999414e+00,  2.021661409432711e-01,  4.856822405235919e-02,  1.029009331185052e+00,  5.099767048935612e-03, -3.737957534965491e-01
  9.250000000000000e-01,  1.098015357554501e+00,  2.140162220711215e-01,  5.515439876259318e-02,  1.005940499607862e+00,  2.309495380576103e-02, -3.714638424666381e-01
  9.291666666666666e-01,  1.076856632059843e+00,  2.259504406922193e-01,  6.222694432744525e-02,  9.836004582551197e-01,  4.099290805683727e-02, -3.692522743443584e-01
  9.333333333333332e-01,  1.055783886002970e+00,  2.378754402877461e-01,  6.973795245214882e-02,  9.620367660227450e-01,  5.872091467012193e-02, -3.671644840782858e-01
  9.375000000000000e-01,  1.034889052017123e+00,  2.496947264015299e-01,  7.762613934483999e-02,  9.412972352766644e-01,  7.620518039358903e-02, -3.652014662034256e-01
  9.416666666666667e-01,  1.014270337096641e+00,  2.613120118988193e-01,  8.581810186823523e-02,  9.214301677752079e-01,  9.337034277574438e-02, -3.633628004502383e-01
  9.458333333333334e-01,  9.940301667522501e-01,  2.726329772956388e-01,  9.423079211011168e-02,  9.024839749739479e-01,  1.101384667071854e-01, -3.616465858205962e-01
  9.499999999999998e-01,  9.742723582837924e-01,  2.835766435631997e-01,  1.027738250707081e-01,  8.845085602396436e-01,  1.264326605730808e-01, -3.600564458994031e-01
  9.541666666666666e-01,  9.550985110330299e-01,  2.940672786977243e-01,  1.113549490342872e-01,  8.675523154451711e-01,  1.421728316914959e-01, -3.585946978224049e-01
  9.583333333333333e-01,  9.366042143356565e-01,  3.040484495218880e-01,  1.198835000026028e-01,  8.516636845954110e-01,  1.572819514102592e-01, -3.572717548380429e-01
  9.625000000000000e-01,  9.188755076215854e-01,  3.134662102772023e-01,  1.282733646649897e-01,  8.368861040563114e-01,  1.716792918700771e-01, -3.560935386976372e-01
  9.666666666666666e-01,  9.019849995234172e-01,  3.222947687953495e-01,  1.364461153812334e-01,  8.232618334055524e-01,  1.852933230527174e-01, -3.550789498024488e-01
  9.708333333333332e-01,  8.859909446494421e-01,  3.305302579568625e-01,  1.443406329880647e-01,  8.108303816817881e-01,  1.980620876313244e-01, -3.542564127955067e-01
  9.750000000000000e-01,  8.709350428154333e-01,  3.381603266042732e-01,  1.519017203320423e-01,  7.996201241439191e-01,  2.099203512678617e-01, -3.536401138120358e-01
  9.791666666666666e-01,  8.568419175138966e-01,  3.452064885214121e-01,  1.590907927636698e-01,  7.896573449482964e-01,  2.208228496451232e-01, -3.532608381032091e-01
  9.833333333333334e-01,  8.437215465735594e-01,  3.516887200862095e-01,  1.658807420779577e-01,  7.809590255289204e-01,  2.307299215689877e-01, -3.531403344556127e-01
  9.874999999999999e-01,  8.315700955937783e-01,  3.576360052574257e-01,  1.722551555833234e-01,  7.735351965302553e-01,  2.396146314779734e-01, -3.532983060929559e-01
  9.916666666666666e-01,  8.203724289484519e-01,  3.630811098226070e-01,  1.782061862831062e-01,  7.673886857606491e-01,  2.474619599644851e-01, -3.537485391331162e-01
  9.958333333333333e-01,  8.101046949224040e-01,  3.680580410990240e-01,  1.837323129812899e-01,  7.625156612191536e-01,  2.542686558872319e-01, -3.544970977763846e-01
  1.000000000000000e+00,  8.007369546345539e-01,  3.725998955551271e-01,  1.888361424224986e-01,  7.589064639884910e-01,  2.600426384855281e-01, -3.555410571580358e-01
  1.004166666666667e+00,  7.922358977088377e-01,  3.767349493180141e-01,  1.935218342790450e-01,  7.565462632504656e-01,  2.648006859685654e-01, -3.568661223043410e-01
  1.008333333333333e+00,  7.845660168020031e-01,  3.804942582127935e-01,  1.977959713212326e-01,  7.554176337659710e-01,  2.685724514237214e-01, -3.584536120880588e-01
  1.012500000000000e+00,  7.776928763565801e-01,  3.838972553921165e-01,  2.016625889780884e-01,  7.554993411423779e-01,  2.713909350500545e-01, -3.602703971031851e-01
  1.016666666666667e+00,  7.715837010187644e-01,  3.869587788547022e-01,  2.051244617603599e-01,  7.567686327033813e-01,  2.732952744684893e-01, -3.622757727346959e-01
  1.020833333333333e+00,  7.662076621377543e-01,  3.896937353153478e-01,  2.081840934344451e-01,  7.592026767492627e-01,  2.743325075889156e-01, -3.644270214225715e-01
  1.025000000000000e+00,  7.615378305782819e-01,  3.921065036200568e-01,  2.108406012345342e-01,  7.627775876579038e-01,  2.745493436568671e-01, -3.666722601608198e-01
  1.029166666666667e+00,  7.575505256345765e-01,  3.941987898852295e-01,  2.130920383648131e-01,  7.674699613016024e-01,  2.739958795890843e-01, -3.689583926924665e-01
  1.033333333333333e+00,  7.542256268388835e-01,  3.959671608398152e-01,  2.149342773715749e-01,  7.732565558347210e-01,  2.727226560018842e-01, -3.712300706234665e-01
  1.037500000000000e+00,  7.515461216267489e-01,  3.974088528891948e-01,  2.163656663520755e-01,  7.801154385042188e-01,  2.707845898000953e-01, -3.734373385951709e-01
  1.041666666666667e+00,  7.494981861339898e-01,  3.985145543258881e-01,  2.173814668278066e-01,  7.880241814775594e-01,  2.682340493083605e-01, -3.755283163248088e-01
  1.045833333333333e+00,  7.480703808232446e-01,  3.992747308098150e-01,  2.179785649991807e-01,  7.969607934269589e-01,  2.651254018901486e-01, -3.774567045761684e-01
  1.050000000000000e+00,  7.472538880863963e-01,  3.996753626239742e-01,  2.181548095329645e-01,  8.069029436536119e-01,  2.615114855811757e-01, -3.791784431094422e-01
  1.054166666666667e+00,  7.470393185103170e-01,  3.997132187167929e-01,  2.179112718251120e-01,  8.178285783384355e-01,  2.574539538751599e-01, -3.806651561454718e-01
  1.058333333333333e+00,  7.474207630445941e-01,  3.993699652789047e-01,  2.172486398992035e-01,  8.297136253182456e-01,  2.530047914116141e-01, -3.818820573966805e-01
  1.062500000000000e+00,  7.483910629261663e-01,  3.986388107759284e-01,  2.161737214351992e-01,  8.425338185804818e-01,  2.482259526601334e-01, -3.828131359712830e-01
  1.066666666666667e+00,  7.499426558833234e-01,  3.975187010891412e-01,  2.146971415519283e-01,  8.562651770603555e-01,  2.431803136385583e-01, -3.834483575422898e-01
  1.070833333333334e+00,  7.520698683542265e-01,  3.959938640643372e-01,  2.128283816491230e-01,  8.708802726839804e-01,  2.379206588256785e-01, -3.837722846971986e-01
  1.075000000000000e+00,  7.547649534626407e-01,  3.940556099931769e-01,  2.105812217038293e-01,  8.863492448770716e-01,  2.325073245584217e-01, -3.837873887072796e-01
  1.079166666666667e+00,  7.580184013112935e-01,  3.917060742935323e-01,  2.079745302088898e-01,  9.026426689958859e-01,  2.270036126598536e-01, -3.835060643745222e-01
  1.083333333333333e+00,  7.618207960132487e-01,  3.889436832248321e-01,  2.050298269967180e-01,  9.197296030947978e-01,  2.214669855503525e-01, -3.829411294663038e-01
  1.087500000000000e+00,  7.661617235668280e-01,  3.857678717057016e-01,  2.017703048629062e-01,  9.375776373880340e-01,  2.159514666047556e-01, -3.821093030884392e-01
  1.091666666666667e+00,  7.710283903569941e-01,  3.821883501383752e-01,  1.982235614163533e-01,  9.561534016719043e-01,  2.105152491041090e-01, -3.810426356667619e-01
  1.095833333333333e+00,  7.764080931889450e-01,  3.782109101222928e-01,  1.944172255167734e-01,  9.754227958464284e-01,  2.052057619013845e-01, -3.797679896690278e-01
  1.100000000000000e+00,  7.822867185020322e-01,  3.738467801169663e-01,  1.903808998826708e-01,  9.953512752589245e-01,  2.000676104903112e-01, -3.783188331389041e-01
  1.104166666666667e+00,  7.886492051013004e-01,  3.691106350511508e-01,  1.861451068132520e-01,  1.015904135208865e+00,  1.951396268507636e-01, -3.767315554372657e-01
  1.108333333333333e+00,  7.954796246800032e-01,  3.640207529838402e-01,  1.817406912706565e-01,  1.037046753359353e+00,  1.904541331016019e-01, -3.750447622386548e-01
  1.112500000000000e+00,  8.027612541095552e-01,  3.585990980878266e-01,  1.771982244598420e-01,  1.058744785375997e+00,  1.860363462520535e-01, -3.732985976168522e-01
  1.116666666666667e+00,  8.104766288616368e-01,  3.528713091394986e-01,  1.725474056053862e-01,  1.080964298061849e+00,  1.819039395301640e-01, -3.715340917014978e-01
  1.120833333333333e+00,  8.186080271444084e-01,  3.468636016991180e-01,  1.678172856076219e-01,  1.103671870684761e+00,  1.780645953579071e-01, -3.697893643384014e-01
  1.125000000000000e+00,  8.271356343908712e-01,  3.406142622481618e-01,  1.630323361717126e-01,  1.126834372454352e+00,  1.745245806535788e-01, -3.681117277691683e-01
  1.129166666666667e+00,  8.360403351373705e-01,  3.341554511796843e-01,  1.582171449857969e-01,  1.150419180786602e+00,  1.712758835357559e-01, -3.665382888305194e-01
  1.133333333333333e+00,  8.453017326488088e-01,  3.275244643943269e-01,  1.533919807016665e-01,  1.174393720263955e+00,  1.683051217328066e-01, -3.651079069380583e-01
  1.137500000000000e+00,  8.548986664745357e-01,  3.207596702730524e-01,  1.485738468450658e-01,  1.198725286459758e+00,  1.655918905279171e-01, -3.638576162513824e-01
  1.141666666666667e+00,  8.648091536196445e-01,  3.138994866491482e-01,  1.437759376901935e-01,  1.223380674305409e+00,  1.631094417510502e-01, -3.628221226888845e-01
  1.145833333333333e+00,  8.750103941527128e-01,  3.069810372013075e-01,  1.390075495559930e-01,  1.248325778576630e+00,  1.608255082853445e-01, -3.620333125531232e-01
  1.150000000000000e+00,  8.854788137606187e-01,  3.000387034035643e-01,  1.342741114641977e-01,  1.273525178595543e+00,  1.587032682725582e-01, -3.615197764004284e-01
  1.154166666666667e+00,  8.961901583078705e-01,  2.931026249077455e-01,  1.295774153732164e-01,  1.298941737861194e+00,  1.567024210587439e-01, -3.613063943661072e-01
  1.158333333333333e+00,  9.071196426128263e-01,  2.861972441969387e-01,  1.249160452485536e-01,  1.324536245310960e+00,  1.547803398308583e-01, -3.614140164743074e-01
  1.162500000000000e+00,  9.182419972939657e-01,  2.793411342418297e-01,  1.202857598652584e-01,  1.350267146211746e+00,  1.528940271646804e-01, -3.618603725412422e-01
  1.166666666666667e+00,  9.295324996667100e-01,  2.725402950624627e-01,  1.156816070757802e-01,  1.376090282016423e+00,  1.509974216832097e-01, -3.626542365426204e-01
  1.170833333333333e+00,  9.409657141595655e-01,  2.657988658953843e-01,  1.110961700754782e-01,  1.401959006336567e+00,  1.490502736005300e-01, -3.638067266013754e-01
  1.175000000000000e+00,  9.525174047751503e-01,  2.591075471710411e-01,  1.065236078992257e-01,  1.427824133111810e+00,  1.470114785901952e-01, -3.653199645198409e-01
  1.179166666666667e+00,  9.641640611353092e-01,  2.524497730630837e-01,  1.019589547575022e-01,  1.453634273396248e+00,  1.448438988817815e-01, -3.671928833945302e-01
  1.183333333333334e+00,  9.758835025610677e-01,  2.458004320267944e-01,  9.740104986312163e-02,  1.479336170943913e+00,  1.425137012461321e-01, -3.694193769005237e-01
  1.187500000000000e+00,  9.876545390198719e-01,  2.391332443887704e-01,  9.284776799706450e-02,  1.504875474808017e+00,  1.399947675609781e-01, -3.719938356811915e-01
  1.191666666666667e+00,  9.994582498476458e-01,  2.324106645106221e-01,  8.830560949187456e-02,  1.530196844934108e+00,  1.372609187081441e-01, -3.749000658576750e-01
  1.195833333333334e+00,  1.011277087135901e+00,  2.255990454118078e-01,  8.378287467178423e-02,  1.555245130607718e+00,  1.342951855188824e-01, -3.781241296704994e-01
  1.200000000000000e+00,  1.023095421079027e+00,  2.186645375133724e-01,  7.929247254485056e-02,  1.579965787382402e+00,  1.310851636964445e-01, -3.816479984829728e-01
  1.204166666666667e+00,  1.034899453306805e+00,  2.115770617701913e-01,  7.485118252620335e-02,  1.604305595707245e+00,  1.276240525349287e-01, -3.854513073262831e-01
  1.208333333333333e+00,  1.046677246984836e+00,  2.043099580064138e-01,  7.047993118786181e-02,  1.628213177493019e+00,  1.239081995936675e-01, -3.895086031145438e-01
  1.212500000000000e+00,  1.058418408460945e+00,  1.968525043215887e-01,  6.619960514823342e-02,  1.651639885601097e+00,  1.199459019294279e-01, -3.938011599011919e-01
  1.216666666666667e+00,  1.070114457934345e+00,  1.891955719304104e-01,  6.203497450030192e-02,  1.674539681530744e+00,  1.157437844522146e-01, -3.982998650696906e-01
  1.220833333333333e+00,  1.081758467862409e+00,  1.813427578330271e-01,  5.801050596484884e-02,  1.696869831017626e+00,  1.113150474589904e-01, -4.029765074707726e-01
  1.225000000000000e+00,  1.093345081085211e+00,  1.733079761472345e-01,  5.415013626379264e-02,  1.718591034249265e+00,  1.066768763213881e-01, -4.078010152458836e-01
  1.229166666666667e+00,  1.104870444670948e+00,  1.651149961073304e-01,  5.047638638839456e-02,  1.739667543547696e+00,  1.018499546985528e-01, -4.127414820263727e-01
  1.233333333333333e+00,  1.116332119116870e+00,  1.567964736541176e-01,  4.700963649328502e-02,  1.760067189069182e+00,  9.685796566031030e-02, -4.177642471809851e-01
  1.237500000000000e+00,  1.127728942853561e+00,  1.483926101137505e-01,  4.376759021239068e-02,  1.779761328795165e+00,  9.172707694374595e-02, -4.228340556116367e-01
  1.241666666666667e+00,  1.139060764034333e+00,  1.399476366574310e-01,  4.076635527997801e-02,  1.798724715182705e+00,  8.648286358784804e-02, -4.279113194084868e-01
  1.245833333333333e+00,  1.150328473955815e+00,  1.315158485782413e-01,  3.801469534568148e-02,  1.816935454522848e+00,  8.115975331134631e-02, -4.329641428291193e-01
  1.250000000000000e+00,  1.161533300522473e+00,  1.231483919523961e-01,  3.552223860264447e-02,  1.834374639331933e+00,  7.578591198428801e-02, -4.379516197033521e-01
  1.254166666666667e+00,  1.172676652432575e+00,  1.148992489762692e-01,  3.329421877244793e-02,  1.851026282043301e+00,  7.039219281262550e-02, -4.428355466811241e-01
  1.258333333333333e+00,  1.183759606126422e+00,  1.068218326773613e-01,  3.133297042334365e-02,  1.866877070986304e+00,  6.500925578576063e-02, -4.475783190228578e-01
  1.262500000000000e+00,  1.194782393454998e+00,  9.896764663764568e-02,  2.963815660126505e-02,  1.881916165777813e+00,  5.966698961103636e-02, -4.521436312645569e-01
  1.266666666666667e+00,  1.205743857514163e+00,  9.138513045428298e-02,  2.820700467137854e-02,  1.896134999626869e+00,  5.439394028041259e-02, -4.564972356175847e-01
  1.270833333333333e+00,  1.216640913146076e+00,  8.411869804702143e-02,  2.703453880328683e-02,  1.909527096309964e+00,  4.921675815545547e-02, -4.606077226125792e-01
  1.275000000000000e+00,  1.227468053678401e+00,  7.720796278542430e-02,  2.611380405899396e-02,  1.922087911382128e+00,  4.415965758903503e-02, -4.644472641873534e-01
  1.279166666666667e+00,  1.238216784680812e+00,  7.068667160404885e-02,  2.543564885253716e-02,  1.933814717772520e+00,  3.924341397206034e-02, -4.679917041206178e-01
  1.283333333333333e+00,  1.248876244116937e+00,  6.458465937910418e-02,  2.499219936956135e-02,  1.944706415656704e+00,  3.448669826942158e-02, -4.712234148012520e-01
  1.287500000000000e+00,  1.259430844588060e+00,  5.892236263881934e-02,  2.476748502119188e-02,  1.954763619021800e+00,  2.990343716710158e-02, -4.741288663022779e-01
  1.291666666666667e+00,  1.269863075356680e+00,  5.371650738556588e-02,  2.475248540438739e-02,  1.963988448477648e+00,  2.550193513864661e-02, -4.766989515297326e-01
  1.295833333333333e+00,  1.280151650759233e+00,  4.897664157450010e-02,  2.493283116448215e-02,  1.972384575333206e+00,  2.128720887439033e-02, -4.789319837891050e-01
  1.300000000000000e+00,  1.290272605958342e+00,  4.470641969980327e-02,  2.529462017938875e-02,  1.979957205230142e+00,  1.725854331306730e-02, -4.808314620146920e-01
  1.304166666666667e+00,  1.300199662103686e+00,  4.090387168015108e-02,  2.582363507040971e-02,  1.986713069514321e+00,  1.340974048260080e-02, -4.824065841534770e-01
  1.308333333333334e+00,  1.309904813707037e+00,  3.756190300830187e-02,  2.650555831260695e-02,  1.992660405736538e+00,  9.728920046829031e-03, -4.836720692817205e-01
  1.312500000000000e+00,  1.319358985448385e+00,  3.466890318601856e-02,  2.732618793004572e-02,  1.997808913026372e+00,  6.198377033042036e-03, -4.846478485105342e-01
  1.316666666666667e+00,  1.328532723874923e+00,  3.220945155929478e-02,  2.827162546177240e-02,  2.002169670158240e+00,  2.794546975443824e-03, -4.853586416466721e-01
  1.320833333333333e+00,  1.337396886768368e+00,  3.016508228315073e-02,  2.932842361449462e-02,  2.005755003366127e+00, -5.118827533230890e-04, -4.858334284465148e-01
  1.325000000000000e+00,  1.345923293322999e+00,  2.851504945839900e-02,  3.048369879340554e-02,  2.008578293289090e+00, -3.755715716098240e-03, -4.861048167884516e-01
  1.329166666666667e+00,  1.354085303885670e+00,  2.723705450693337e-02,  3.172520362201310e-02,  2.010653717775207e+00, -6.976837426874278e-03, -4.862083172838242e-01
  1.333333333333333e+00,  1.361858311377860e+00,  2.630792520580227e-02,  3.304135257967662e-02,  2.011995935357937e+00, -1.021963394168957e-02, -4.861815315586989e-01
  1.337500000000000e+00,  1.369220351907758e+00,  2.570522101592165e-02,  3.442030967600185e-02,  2.012619700859178e+00, -1.352982488941484e-02, -4.860665898322087e-01
  1.341666666666667e+00,  1.376151526136336e+00,  2.540372737568908e-02,  3.585363743676509e-02,  2.012539525525890e+00, -1.696336678853397e-02, -4.858956350517635e-01
  1.345833333333333e+00,  1.382635483143405e+00,  2.538200105350663e-02,  3.733052777599267e-02,  2.011769118753607e+00, -2.057020418875094e-02, -4.857106090060530e-01
  1.350000000000000e+00,  1.388658553682893e+00,  2.561848153261526e-02,  3.884164430966099e-02,  2.010321017867432e+00, -2.440336174677045e-02, -4.855480651609215e-01
  1.354166666666667e+00,  1.394209898076288e+00,  2.609272698348675e-02,  4.037804474255463e-02,  2.008206121751450e+00, -2.851492168646924e-02, -4.854417083116980e-01
  1.358333333333333e+00,  1.399281334123671e+00,  2.678547803579745e-02,  4.193112537153810e-02,  2.005433279204347e+00, -3.295457399845146e-02, -4.854213180453854e-01
  1.362500000000000e+00,  1.403867090283389e+00,  2.767861304816344e-02,  4.349260335275715e-02,  2.002008928626200e+00, -3.776813594585730e-02, -4.855116860002816e-01
  1.366666666666667e+00,  1.407963571433506e+00,  2.875558225619690e-02,  4.505315062848167e-02,  1.997936821604693e+00, -4.299389121550570e-02, -4.857349500790198e-01
  1.370833333333333e+00,  1.411568738064916e+00,  2.999889838126357e-02,  4.660804679871342e-02,  1.993217791649495e+00, -4.867009390554720e-02, -4.860960838656824e-01
  1.375000000000000e+00,  1.414682182716252e+00,  3.139357626884465e-02,  4.814858133061072e-02,  1.987849736780583e+00, -5.481976183065750e-02, -4.866031887721146e-01
  1.379166666666667e+00,  1.417304434885350e+00,  3.292439344262199e-02,  4.966800207473517e-02,  1.981827620572411e+00, -6.145895277863891e-02, -4.872526187303109e-01
  1.383333333333334e+00,  1.419436661646051e+00,  3.457633749906774e-02,  5.116008434833466e-02,  1.975143648996116e+00, -6.859327607535906e-02, -4.880323815896494e-01
  1.387500000000000e+00,  1.421080485009486e+00,  3.633525713778729e-02,  5.261833890995574e-02,  1.967787552808848e+00, -7.621514197142674e-02, -4.889253718595557e-01
  1.391666666666667e+00,  1.422236853286691e+00,  3.818428898948056e-02,  5.403974432442392e-02,  1.959747015317259e+00, -8.431132299096535e-02, -4.898961098272014e-01
  1.395833333333333e+00,  1.422907015013237e+00,  4.010975928788607e-02,  5.541769288770638e-02,  1.951008120477357e+00, -9.284777622607425e-02, -4.909162487897095e-01
  1.400000000000000e+00,  1.423091080831514e+00,  4.209560700409165e-02,  5.675057211885108e-02,  1.941555987569624e+00, -1.017855460585558e-01, -4.919388945304303e-01
  1.404166666666667e+00,  1.422787980532159e+00,  4.412566033342635e-02,  5.803698815405695e-02,  1.931375611606651e+00, -1.110739779611506e-01, -4.929108553139004e-01
  1.408333333333333e+00,  1.421996036062787e+00,  4.618383276241422e-02,  5.927039605951706e-02,  1.920450900508360e+00, -1.206405868102157e-01, -4.937978657136930e-01
  1.412500000000000e+00,  1.420712373563455e+00,  4.825769499986943e-02,  6.045008506039822e-02,  1.908768530809080e+00, -1.304100460138023e-01, -4.945449182914668e-01
  1.416666666666667e+00,  1.418931905240089e+00,  5.032990842964957e-02,  6.157568954958646e-02,  1.896315451634370e+00, -1.402993785519768e-01, -4.950981355495881e-01
  1.420833333333333e+00,  1.416649008784721e+00,  5.238738694449685e-02,  6.264390031367559e-02,  1.883080653380168e+00, -1.502102522816649e-01, -4.954180997127406e-01
  1.425000000000000e+00,  1.413856125410646e+00,  5.441592813596285e-02,  6.365611031051842e-02,  1.869055859873646e+00, -1.600450567241901e-01, -4.954558370152990e-01
  1.429166666666667e+00,  1.410544944010961e+00,  5.640443991393229e-02,  6.460989699501436e-02,  1.854235366141840e+00, -1.696944217430159e-01, -4.951802698517699e-01
  1.433333333333333e+00,  1.406706308266662e+00,  5.834420158039966e-02,  6.550286537785918e-02,  1.838616500824864e+00, -1.790445781199423e-01, -4.945690985363974e-01
  1.437500000000000e+00,  1.402329370791700e+00,  6.022643062426725e-02,  6.633543605150771e-02,  1.822200373236228e+00, -1.879862734066386e-01, -4.935959539224269e-01
  1.441666666666667e+00,  1.397403478080173e+00,  6.204749931795184e-02,  6.710532196006543e-02,  1.804991266671908e+00, -1.964039475595233e-01, -4.922545077475365e-01
  1.445833333333333e+00,  1.391917295072560e+00,  6.380613655770051e-02,  6.781126191580437e-02,  1.786997264810416e+00, -2.041859165206698e-01, -4.905425153558222e-01
  1.450000000000000e+00,  1.385859256813331e+00,  6.550438455361407e-02,  6.845243952420339e-02,  1.768230209211694e+00, -2.112244521765585e-01, -4.884644790795843e-01
  1.454166666666667e+00,  1.379217748290247e+00,  6.714765319649607e-02,  6.902879504197958e-02,  1.748705723534917e+00, -2.174177839594741e-01, -4.860302933791011e-01
  1.458333333333333e+00,  1.371981272753534e+00,  6.874467115892013e-02,  6.954135878677507e-02,  1.728443202494286e+00, -2.226719982609917e-01, -4.832536960747701e-01
  1.462500000000000e+00,  1.364138608860100e+00,  7.030735160090185e-02,  6.999257078665355e-02,  1.707465771045453e+00, -2.269027855857885e-01, -4.801506879050446e-01
  1.466666666666667e+00,  1.355678962534116e+00,  7.185056114101429e-02,  7.038656383299080e-02,  1.685800209530209e+00, -2.300370088858940e-01, -4.767380558969128e-01
  1.470833333333333e+00,  1.346592124451484e+00,  7.339180918295818e-02,  7.072938430112928e-02,  1.663476844745312e+00, -2.320140579665174e-01, -4.730321056758782e-01
  1.475000000000000e+00,  1.336868651812113e+00,  7.495092467060127e-02,  7.102912719316290e-02,  1.640529414666749e+00, -2.327869223148715e-01, -4.690477023223332e-01
  1.479166666666667e+00,  1.326500092861554e+00,  7.654976686747927e-02,  7.129597085176272e-02,  1.616994911222278e+00, -2.323229248248778e-01, -4.647976795977821e-01
  1.483333333333333e+00,  1.315479258896130e+00,  7.821196727973856e-02,  7.154212278433320e-02,  1.592913397824927e+00, -2.306041059637205e-01, -4.602926079344540e-01
  1.487500000000000e+00,  1.303800537094558e+00,  7.996269339495465e-02,  7.178169839404867e-02,  1.568327800242646e+00, -2.276272662895597e-01, -4.555408741341145e-01
  1.491666666666667e+00,  1.291460241137344e+00,  8.182844657345667e-02,  7.203054954224579e-02,  1.543283675659281e+00, -2.234036657372840e-01, -4.505490200351690e-01
  1.495833333333333e+00,  1.278456998613218e+00,  8.383689048681475e-02,  7.230606298731196e-02,  1.517828959876800e+00, -2.179583702849109e-01, -4.453222906298815e-01
  1.500000000000000e+00,  1.264792164099641e+00,  8.601666163724242e-02,  7.262695691949410e-02,  1.492013682876735e+00, -2.113292528828669e-01, -4.398653259345583e-01
  1.504166666666667e+00,  1.250470237037341e+00,  8.839711748121415e-02,  7.301309487567674e-02,  1.465889650510575e+00, -2.035656931444542e-01, -4.341829083860027e-01
  1.508333333333334e+00,  1.235499267402729e+00,  9.100802447919043e-02,  7.348531118994500e-02,  1.439510107961420e+00, -1.947270395429467e-01, -4.282806989207706e-01
  1.512500000000000e+00,  1.219891085892725e+00,  9.387852328213775e-02,  7.406610544486068e-02,  1.412929682642978e+00, -1.848829002642572e-01, -4.221623089639533e-01
  1.516666666666667e+00,  1.203662272387329e+00,  9.703941251833759e-02,  7.477587489089080e-02,  1.386202908713965e+00, -1.741031431540388e-01, -4.158447148884825e-01
  1.520833333333333e+00,  1.186833400492871e+00,  1.005184172908280e-01,  7.563829282697503e-02,  1.359385673208858e+00, -1.624687764435634e-01, -4.093357577343951e-01
  1.525000000000000e+00,  1.169429867456198e+00,  1.043420193725788e-01,  7.667688090282701e-02,  1.332533822274162e+00, -1.500625409077218e-01, -4.026483310913295e-01
  1.529166666666667e+00,  1.151481826817766e+00,  1.085353226806349e-01,  7.791340950039392e-02,  1.305702663795795e+00, -1.369656626719860e-01, -3.958034531406345e-01
  1.533333333333333e+00,  1.133024133703286e+00,  1.131198875462649e-01,  7.937032435793187e-02,  1.278947382615229e+00, -1.232610776978008e-01, -3.888218277395408e-01
  1.537500000000000e+00,  1.114096415793398e+00,  1.181117141089478e-01,  8.107135676615279e-02,  1.252323032429243e+00, -1.090342805851119e-01, -3.817200564627685e-01
  1.541666666666667e+00,  1.094743047143408e+00,  1.235236863010318e-01,  8.303609993384449e-02,  1.225883310321554e+00, -9.436408584484528e-02, -3.745251708632770e-01
  1.545833333333333e+00,  1.075013125205867e+00,  1.293620972397784e-01,  8.528308810283511e-02,  1.199681275247120e+00, -7.932852404778210e-02, -3.672622986488178e-01
  1.550000000000000e+00,  1.054960478320415e+00,  1.356263750986917e-01,  8.782794265550668e-02,  1.173769061888841e+00, -6.400275724268341e-02, -3.599569875938618e-01
  1.554166666666667e+00,  1.034643670241745e+00,  1.423082559223656e-01,  9.068237972551456e-02,  1.148197856853485e+00, -4.845891472732997e-02, -3.526344433305379e-01
  1.558333333333333e+00,  1.014126003767503e+00,  1.493910803446243e-01,  9.385312498895457e-02,  1.123017907478471e+00, -3.276616253582330e-02, -3.453187574180915e-01
  1.562500000000000e+00,  9.934755110876975e-01,  1.568492975875166e-01,  9.734079528371881e-02,  1.098278565061823e+00, -1.699099556629184e-02, -3.380321842264218e-01
  1.566666666666667e+00,  9.727651747490524e-01,  1.646448527238649e-01,  1.011400941894842e-01,  1.074028228954525e+00, -1.200914803074112e-03, -3.307890904666880e-01
  1.570833333333333e+00,  9.520716663533477e-01,  1.727409139410208e-01,  1.052336582156940e-01,  1.050314897501801e+00,  1.454794658119744e-02, -3.236176512008655e-01
  1.575000000000000e+00,  9.314766569332755e-01,  1.810823793462610e-01,  1.095999139235052e-01,  1.027185792072253e+00,  3.019026985633036e-02, -3.165256457258658e-01
  1.579166666666667e+00,  9.110650914310925e-01,  1.896101895809257e-01,  1.142070089591850e-01,  1.004687668440058e+00,  4.566438702439448e-02, -3.095235804316562e-01
  1.583333333333333e+00,  8.909244845091173e-01,  1.982594556062698e-01,  1.190148649469051e-01,  9.828668107753100e-01,  6.090814886970713e-02, -3.026189246870482e-01
  1.587500000000000e+00,  8.711435085147924e-01,  2.069612345915508e-01,  1.239761528717444e-01,  9.617689641280779e-01,  7.585838844052196e-02, -2.958165459752580e-01
  1.591666666666667e+00,  8.518102050123982e-01,  2.156445782415271e-01,  1.290378921983973e-01,  9.414391690079131e-01,  9.045059282590287e-02, -2.891193734934934e-01
  1.595833333333333e+00,  8.330098915928271e-01,  2.242387335157296e-01,  1.341435220908676e-01,  9.219214916402588e-01,  1.046188504388428e-01, -2.825292369393504e-01
  1.600000000000000e+00,  8.148229089850667e-01,  2.326753282193148e-01,  1.392352863382729e-01,  9.032586508811009e-01,  1.182961071846160e-01, -2.760477804224137e-01
  1.604166666666667e+00,  7.973223946678080e-01,  2.408903579288202e-01,  1.442567117744520e-01,  8.854915542476094e-01,  1.314147290545167e-01, -2.696773308842313e-01
  1.608333333333333e+00,  7.805722897488521e-01,  2.488258114867015e-01,  1.491549367785306e-01,  8.686587671115291e-01,  1.439073363364833e-01, -2.634215959987934e-01
  1.612500000000000e+00,  7.646257796232265e-01,  2.564308267692939e-01,  1.538826583427319e-01,  8.527959519838109e-01,  1.557078608956405e-01, -2.572860926421643e-01
  1.616666666666667e+00,  7.495243222679316e-01,  2.636623387276695e-01,  1.583995236928472e-01,  8.379353227823034e-01,  1.667527660332465e-01, -2.512782491708347e-01
  1.620833333333334e+00,  7.352973277185211e-01,  2.704852432019207e-01,  1.626728825309429e-01,  8.241051555177146e-01,  1.769823570960090e-01, -2.454071623863758e-01
  1.625000000000000e+00,  7.219627267471600e-01,  2.768674835856249e-01,  1.666757654222613e-01,  8.113283059894020e-01,  1.863399266876692e-01, -2.396792864387775e-01
  1.629166666666667e+00,  7.095266759665508e-01,  2.827984712795784e-01,  1.703950956548031e-01,  7.996262992159694e-01,  1.947820105468440e-01, -2.341128607106033e-01
  1.633333333333334e+00,  6.979864729196015e-01,  2.882592088561688e-01,  1.738176701651239e-01,  7.890125003974238e-01,  2.022658875439562e-01, -2.287135315897861e-01
  1.637500000000000e+00,  6.873308319763760e-01,  2.932410972950463e-01,  1.769378536379971e-01,  7.794965602691007e-01,  2.087599806392607e-01, -2.234891323931661e-01
  1.641666666666667e+00,  6.775417346085871e-01,  2.977398736518690e-01,  1.797540768777991e-01,  7.710833506127640e-01,  2.142423040751365e-01, -2.184445557595780e-01
  1.645833333333333e+00,  6.685960114729765e-01,  3.017545715624592e-01,  1.822675402903226e-01,  7.637731694892824e-01,  2.187010467191647e-01, -2.135808156549617e-01
  1.650000000000000e+00,  6.604669062078405e-01,  3.052865539867222e-01,  1.844810137848829e-01,  7.575621077583388e-01,  2.221348997484354e-01, -2.088943577545929e-01
  1.654166666666667e+00,  6.531255716916702e-01,  3.083386672678818e-01,  1.863978087995022e-01,  7.524425744470593e-01,  2.245531131790654e-01, -2.043766953888486e-01
  1.658333333333333e+00,  6.465427562834016e-01,  3.109106661983574e-01,  1.880194757244349e-01,  7.484030558867484e-01,  2.259735665900225e-01, -2.000113491157990e-01
  1.662500000000000e+00,  6.406887772464992e-01,  3.130129427520298e-01,  1.893504202258880e-01,  7.454320677661349e-01,  2.264284400242428e-01, -1.957853956430520e-01
  1.666666666666667e+00,  6.355360957669760e-01,  3.146485314254432e-01,  1.903923104950064e-01,  7.435151401233465e-01,  2.259558699921156e-01, -1.916764261279695e-01
