Main.Studies.MarkerTracking.t,Main.Studies.MarkerTracking.JointAngleOutputs.OutputFile_RightLeg.HipFlexion,Main.Studies.MarkerTracking.JointAngleOutputs.OutputFile_RightLeg.HipAbduction,Main.Studies.MarkerTracking.JointAngleOutputs.OutputFile_RightLeg.HipExternalRotation,Main.Studies.MarkerTracking.JointAngleOutputs.OutputFile_RightLeg.KneeFlexion,Main.Studies.MarkerTracking.JointAngleOutputs.OutputFile_RightLeg.AnklePlantarFlexion,Main.Studies.MarkerTracking.JointAngleOutputs.OutputFile_RightLeg.SubTalarEversion
  4.583333333333333e-02,  9.143073732624142e-01,  1.603805509091729e-01,  9.731000436222320e-03,  6.454461996519972e-01,  8.344448515305472e-02, -1.311528255500477e-01
  5.000000000000000e-02,  9.093529554136988e-01,  1.597263711638091e-01,  1.237544666119600e-02,  6.455121983433556e-01,  9.126841992195543e-02, -1.283778719521047e-01
  5.416666666666666e-02,  9.048643033880449e-01,  1.589515557278898e-01,  1.484946423329042e-02,  6.468326861697790e-01,  9.817825239135330e-02, -1.259328103039567e-01
  5.833333333333333e-02,  9.008819623935196e-01,  1.580682540546332e-01,  1.714747051370023e-02,  6.494537177260897e-01,  1.041278174897380e-01, -1.238431472389163e-01
  6.250000000000000e-02,  8.974408944482890e-01,  1.570964183723746e-01,  1.926875716277531e-02,  6.534113337199464e-01,  1.090846436660017e-01, -1.221308258561758e-01
  6.666666666666667e-02,  8.945687975923370e-01,  1.560577051135521e-01,  2.121546446663377e-02,  6.587284472977671e-01,  1.130307334624689e-01, -1.208110522964360e-01
  7.083333333333333e-02,  8.922857421717694e-01,  1.549747112717090e-01,  2.299211968705792e-02,  6.654145930060599e-01,  1.159633055263917e-01, -1.198917066174413e-01
  7.500000000000000e-02,  8.906040497787583e-01,  1.538700309360539e-01,  2.460506575872188e-02,  6.734661071535670e-01,  1.178950209485163e-01, -1.193730201907580e-01
  7.916666666666666e-02,  8.895284359139846e-01,  1.527651927692257e-01,  2.606184334687679e-02,  6.828667421372629e-01,  1.188536462018173e-01, -1.192475598404215e-01
  8.333333333333333e-02,  8.890564226669954e-01,  1.516795637790762e-01,  2.737058448983044e-02,  6.935886803724685e-01,  1.188811480485894e-01, -1.195005403691815e-01
  8.749999999999999e-02,  8.891789958359473e-01,  1.506293110408776e-01,  2.853947367456242e-02,  7.055938764269488e-01,  1.180322671227414e-01, -1.201104565285286e-01
  9.166666666666666e-02,  8.898814566611479e-01,  1.496265062800222e-01,  2.957632538434793e-02,  7.188356350017264e-01,  1.163726653463895e-01, -1.210499888496621e-01
  9.583333333333333e-02,  8.911444105847078e-01,  1.486784460453610e-01,  3.048830403130623e-02,  7.332603226249138e-01,  1.139767805935139e-01, -1.222871201935179e-01
  9.999999999999999e-02,  8.929448339699868e-01,  1.477872557189837e-01,  3.128179748930714e-02,  7.488091120945392e-01,  1.109255345439620e-01, -1.237863918047868e-01
  1.041666666666667e-01,  8.952571471912104e-01,  1.469519091105957e-01,  3.196409503490086e-02,  7.654206130847776e-01,  1.073038970402034e-01, -1.255109602067730e-01
  1.083333333333333e-01,  8.980543391273591e-01,  1.461599779335898e-01,  3.253673944756721e-02,  7.830286472980532e-01,  1.031991176307702e-01, -1.274208166014232e-01
  1.125000000000000e-01,  9.013087058251341e-01,  1.454011506347770e-01,  3.300623971454262e-02,  8.015693179203262e-01,  9.869805257947833e-02, -1.294786900075881e-01
  1.166666666666667e-01,  9.049931013659643e-01,  1.446602433563180e-01,  3.337733537078555e-02,  8.209789560784365e-01,  9.388555298318030e-02, -1.316481545909869e-01
  1.208333333333333e-01,  9.090803179815232e-01,  1.439159830462251e-01,  3.365478965274422e-02,  8.411934230072641e-01,  8.884351399772548e-02, -1.338941094606316e-01
  1.250000000000000e-01,  9.135459397146509e-01,  1.431489473417353e-01,  3.384366770701407e-02,  8.621530469665971e-01,  8.364855977357145e-02, -1.361853638907231e-01
  1.291666666666667e-01,  9.183651583696261e-01,  1.423364729586787e-01,  3.395093200536225e-02,  8.837983989328674e-01,  7.837233139659852e-02, -1.384933762486059e-01
  1.333333333333333e-01,  9.235190338750755e-01,  1.414584749423284e-01,  3.398121784884964e-02,  9.060764376810471e-01,  7.307889445673467e-02, -1.407939336068857e-01
  1.375000000000000e-01,  9.289865880072754e-01,  1.404936228133322e-01,  3.394351154998484e-02,  9.289337347683451e-01,  6.782637527399364e-02, -1.430659205906679e-01
  1.416666666666667e-01,  9.347510517666806e-01,  1.394230191695363e-01,  3.384499438529077e-02,  9.523212905495129e-01,  6.266519536399960e-02, -1.452921616856255e-01
  1.458333333333333e-01,  9.407974375899733e-01,  1.382309237499233e-01,  3.369466592148977e-02,  9.761938542068922e-01,  5.763745835762175e-02, -1.474594810865880e-01
  1.500000000000000e-01,  9.471124165142187e-01,  1.369030847067123e-01,  3.350076122152109e-02,  1.000507933691179e+00,  5.277809135821664e-02, -1.495578734155177e-01
  1.541666666666666e-01,  9.536840872680691e-01,  1.354289868205723e-01,  3.327268307071939e-02,  1.025223371516769e+00,  4.811336590583733e-02, -1.515809970568515e-01
  1.583333333333334e-01,  9.605029438956444e-01,  1.337993437813969e-01,  3.301644312708473e-02,  1.050301299828856e+00,  4.366296645691698e-02, -1.535250321695875e-01
  1.625000000000000e-01,  9.675598722695142e-01,  1.320092310128538e-01,  3.274006393026840e-02,  1.075706064013560e+00,  3.943732057535808e-02, -1.553896223217448e-01
  1.666666666666667e-01,  9.748469612538987e-01,  1.300557382816294e-01,  3.244957645917971e-02,  1.101403449654391e+00,  3.543948811490810e-02, -1.571768799410680e-01
  1.708333333333333e-01,  9.823569037501960e-01,  1.279381488677522e-01,  3.214971776475183e-02,  1.127360708087838e+00,  3.166492897967364e-02, -1.588913498452175e-01
  1.750000000000000e-01,  9.900827076519810e-01,  1.256575051223869e-01,  3.184366085211453e-02,  1.153546229362336e+00,  2.810178145480108e-02, -1.605397908280156e-01
  1.791666666666667e-01,  9.980173783138128e-01,  1.232160864427583e-01,  3.153287230891320e-02,  1.179929184455384e+00,  2.473122281924607e-02, -1.621309480104541e-01
  1.833333333333333e-01,  1.006153626460189e+00,  1.206168133999872e-01,  3.121702865520658e-02,  1.206479162051045e+00,  2.152791516970395e-02, -1.636753197613099e-01
  1.875000000000000e-01,  1.014483618771958e+00,  1.178625974261558e-01,  3.089399506236453e-02,  1.233165804762021e+00,  1.846054497890988e-02, -1.651849222620094e-01
  1.916666666666667e-01,  1.022998696072243e+00,  1.149556928912152e-01,  3.056001804227678e-02,  1.259958421070657e+00,  1.549245822290105e-02, -1.666730521371867e-01
  1.958333333333333e-01,  1.031689283444547e+00,  1.118970686482739e-01,  3.020979840499054e-02,  1.286825670864915e+00,  1.258239941380005e-02, -1.681540587977896e-01
  2.000000000000000e-01,  1.040544717082783e+00,  1.086857996409858e-01,  2.983687823746922e-02,  1.313735222455585e+00,  9.685321558492619e-03, -1.696431139863466e-01
  2.041666666666667e-01,  1.049553196937134e+00,  1.053184847461486e-01,  2.943401730669573e-02,  1.340653470327645e+00,  6.753270425238317e-03, -1.711559715837238e-01
  2.083333333333333e-01,  1.058701791277345e+00,  1.017887279568275e-01,  2.899367862741895e-02,  1.367545293194375e+00,  3.736318730581139e-03, -1.727087122400679e-01
  2.125000000000000e-01,  1.067976515843996e+00,  9.808674120139949e-02,  2.850858514702584e-02,  1.394373874027491e+00,  5.835253869819183e-04, -1.743174938754173e-01
  2.166666666666667e-01,  1.077363711275375e+00,  9.419800035195736e-02,  2.797022644471066e-02,  1.421100595854660e+00, -2.754996497440078e-03, -1.759978634835280e-01
  2.208333333333333e-01,  1.086845335253670e+00,  9.010777594042474e-02,  2.737795291631710e-02,  1.447685030610169e+00, -6.331547532900566e-03, -1.777663814469652e-01
  2.250000000000000e-01,  1.096406644215266e+00,  8.579470361381225e-02,  2.672675980872858e-02,  1.474084982350237e+00, -1.019332681533512e-02, -1.796376733997152e-01
  2.291666666666667e-01,  1.106031545394485e+00,  8.123574017951696e-02,  2.601643728271382e-02,  1.500256657036100e+00, -1.438597191716155e-02, -1.816260207152777e-01
  2.333333333333333e-01,  1.115704164336766e+00,  7.640585605700956e-02,  2.524987174279394e-02,  1.526154869711226e+00, -1.895169340244533e-02, -1.837447022904316e-01
  2.375000000000000e-01,  1.125409189831686e+00,  7.127904137410468e-02,  2.443337162541903e-02,  1.551733321220446e+00, -2.392858623062562e-02, -1.860057890104820e-01
  2.416666666666667e-01,  1.135132217561991e+00,  6.582951583723218e-02,  2.357683934693820e-02,  1.576944920232040e+00, -2.935002501401841e-02, -1.884199254344708e-01
  2.458333333333333e-01,  1.144860087764234e+00,  6.003312523887372e-02,  2.269376195318545e-02,  1.601742142452229e+00, -3.524414061954750e-02, -1.909960972054507e-01
  2.500000000000000e-01,  1.154581205375098e+00,  5.386887004771834e-02,  2.180100403450299e-02,  1.626077413561574e+00, -4.163337207103827e-02, -1.937413897906360e-01
  2.541666666666667e-01,  1.164285834127295e+00,  4.732048067262884e-02,  2.091840017613514e-02,  1.649903498639508e+00, -4.853407854691252e-02, -1.966607269953720e-01
  2.583333333333333e-01,  1.173966365269844e+00,  4.037794171859477e-02,  2.006816261281134e-02,  1.673173885925630e+00, -5.595620015897203e-02, -1.997565731753774e-01
  2.625000000000000e-01,  1.183617565945195e+00,  3.303887029326780e-02,  1.927413786225057e-02,  1.695843159538438e+00, -6.390296693449203e-02, -2.030286048593445e-01
  2.666666666666667e-01,  1.193236815311664e+00,  2.530966657106948e-02,  1.856095702721124e-02,  1.717867355939607e+00, -7.237065011482455e-02, -2.064733776222542e-01
  2.708333333333334e-01,  1.202824331201293e+00,  1.720635833020578e-02,  1.795313583540282e-02,  1.739204294446314e+00, -8.134834644648399e-02, -2.100840140731684e-01
  2.750000000000000e-01,  1.212383374644511e+00,  8.755071998348019e-03,  1.747418965135708e-02,  1.759813872239418e+00, -9.081780030656372e-02, -2.138499323349649e-01
  2.791666666666667e-01,  1.221920413350991e+00, -7.907108201088420e-06,  1.714581209702644e-02,  1.779658320928593e+00, -1.007532729115118e-01, -2.177566338219754e-01
  2.833333333333333e-01,  1.231445175199581e+00, -9.036479524279661e-03,  1.698723989673830e-02,  1.798702399836686e+00, -1.111214721638727e-01, -2.217855619954976e-01
  2.875000000000000e-01,  1.240970635518548e+00, -1.827548723917460e-02,  1.701462922272655e-02,  1.816913572148957e+00, -1.218815340392540e-01, -2.259140833653625e-01
  2.916666666666667e-01,  1.250512757180611e+00, -2.766183111502452e-02,  1.724071652649799e-02,  1.834262094236270e+00, -1.329851183137090e-01, -2.301155961037623e-01
  2.958333333333333e-01,  1.260090017549558e+00, -3.712597027184450e-02,  1.767456013785944e-02,  1.850721069126049e+00, -1.443766491946436e-01, -2.343598040357963e-01
  3.000000000000000e-01,  1.269722630252297e+00, -4.659377732738856e-02,  1.832132819279770e-02,  1.866266471531474e+00, -1.559937562988100e-01, -2.386131508527659e-01
  3.041666666666666e-01,  1.279431445616102e+00, -5.598867917787986e-02,  1.918235417984455e-02,  1.880877097190961e+00, -1.677679992426996e-01, -2.428394253474705e-01
  3.083333333333333e-01,  1.289236544358878e+00, -6.523400932282986e-02,  2.025506566071738e-02,  1.894534538597942e+00, -1.796258739939393e-01, -2.470005252659546e-01
  3.125000000000000e-01,  1.299154552652973e+00, -7.426415984445289e-02,  2.153766525955590e-02,  1.907221515279427e+00, -1.914919366892794e-01, -2.510573209452656e-01
  3.166666666666667e-01,  1.309200972119539e+00, -8.299255538482875e-02,  2.301101129801242e-02,  1.918928256052941e+00, -2.032832789394601e-01, -2.549707640980033e-01
  3.208333333333334e-01,  1.319382358276358e+00, -9.136528807900057e-02,  2.466576531519640e-02,  1.929643044831882e+00, -2.149222468730810e-01, -2.587028723806110e-01
  3.250000000000000e-01,  1.329698839871770e+00, -9.932923942171534e-02,  2.648489683759063e-02,  1.939358523877044e+00, -2.263314922043171e-01, -2.622178414703651e-01
  3.291666666666667e-01,  1.340142045795167e+00, -1.068418559239943e-01,  2.844835192594419e-02,  1.948070327807984e+00, -2.374381755546411e-01, -2.654831031740161e-01
  3.333333333333334e-01,  1.350695601015084e+00, -1.138636717214134e-01,  3.052855752973023e-02,  1.955779024270492e+00, -2.481750196175349e-01, -2.684705615969338e-01
  3.375000000000000e-01,  1.361330816339732e+00, -1.203920375509673e-01,  3.271057519731179e-02,  1.962483356712588e+00, -2.584887451188228e-01, -2.711563558667316e-01
  3.416666666666667e-01,  1.372013761155947e+00, -1.264097348278872e-01,  3.496299284576263e-02,  1.968190934638419e+00, -2.683332656616871e-01, -2.735229887566685e-01
  3.458333333333333e-01,  1.382702044213684e+00, -1.319180828439714e-01,  3.725829797008804e-02,  1.972911302746032e+00, -2.776777901340845e-01, -2.755587650780411e-01
  3.500000000000000e-01,  1.393347460121458e+00, -1.369267932484399e-01,  3.956847707085970e-02,  1.976657648261953e+00, -2.865066993242238e-01, -2.772581701937446e-01
  3.541666666666667e-01,  1.403897941562038e+00, -1.414479173965437e-01,  4.186310653650789e-02,  1.979447357268332e+00, -2.948197624232585e-01, -2.786220074281592e-01
  3.583333333333333e-01,  1.414298937409098e+00, -1.455109998444302e-01,  4.411945407928596e-02,  1.981298402795778e+00, -3.026344403187101e-01, -2.796561113480813e-01
  3.625000000000000e-01,  1.424496067893589e+00, -1.491349716715817e-01,  4.630809009794728e-02,  1.982233568951452e+00, -3.099815285527386e-01, -2.803721442387249e-01
  3.666666666666667e-01,  1.434436376129188e+00, -1.523475049021836e-01,  4.840464239032832e-02,  1.982275907786037e+00, -3.169063458871971e-01, -2.807856787062442e-01
  3.708333333333333e-01,  1.444069432953809e+00, -1.551660135796358e-01,  5.038037202263922e-02,  1.981450950925429e+00, -3.234644838224486e-01, -2.809163652360748e-01
  3.750000000000000e-01,  1.453348664441008e+00, -1.576166499912950e-01,  5.221344995908015e-02,  1.979782274741419e+00, -3.297213532449095e-01, -2.807855046597760e-01
  3.791666666666667e-01,  1.462231973824323e+00, -1.597199325265997e-01,  5.388128799586225e-02,  1.977293123782682e+00, -3.357475947503623e-01, -2.804159065617453e-01
  3.833333333333334e-01,  1.470682932055753e+00, -1.614859749507784e-01,  5.535824081626986e-02,  1.974006731464122e+00, -3.416155389421992e-01, -2.798313593401586e-01
  3.875000000000000e-01,  1.478667613827695e+00, -1.629467973060839e-01,  5.663330443424273e-02,  1.969938722415358e+00, -3.473995738550777e-01, -2.790526101484078e-01
  3.916666666666667e-01,  1.486159619001548e+00, -1.641065093264655e-01,  5.768301807952690e-02,  1.965107363669358e+00, -3.531679887857219e-01, -2.781011626668859e-01
  3.958333333333333e-01,  1.493136334816876e+00, -1.649756270253599e-01,  5.849006036025185e-02,  1.959525957211225e+00, -3.589841238804038e-01, -2.769954433803071e-01
  4.000000000000000e-01,  1.499579506399017e+00, -1.655625902221802e-01,  5.903857818813114e-02,  1.953204577829125e+00, -3.649032776134224e-01, -2.757510806090309e-01
  4.041666666666667e-01,  1.505474843152266e+00, -1.658740701901378e-01,  5.931424643978212e-02,  1.946150100908132e+00, -3.709709873472740e-01, -2.743805782040434e-01
  4.083333333333333e-01,  1.510811594535157e+00, -1.659152800402517e-01,  5.930435556799184e-02,  1.938366359588784e+00, -3.772217457943967e-01, -2.728931760055082e-01
  4.125000000000000e-01,  1.515582114162042e+00, -1.656902751752460e-01,  5.899791399543194e-02,  1.929854410040908e+00, -3.836781366436694e-01, -2.712948920026816e-01
  4.166666666666667e-01,  1.519782340144806e+00, -1.651955247295702e-01,  5.837967964114059e-02,  1.920614977471955e+00, -3.903495443017407e-01, -2.695894645965807e-01
  4.208333333333333e-01,  1.523407580732915e+00, -1.644480368680328e-01,  5.745537551376647e-02,  1.910640226728773e+00, -3.972354224782562e-01, -2.677756447348028e-01
  4.250000000000000e-01,  1.526457970187018e+00, -1.634423171867669e-01,  5.621294814808814e-02,  1.899927545206971e+00, -4.043202161473063e-01, -2.658524554269989e-01
  4.291666666666667e-01,  1.528934046546924e+00, -1.621804600858703e-01,  5.464935421174558e-02,  1.888470858219512e+00, -4.115774833349761e-01, -2.638164341191551e-01
  4.333333333333333e-01,  1.530837441907469e+00, -1.606645925955774e-01,  5.276377381688289e-02,  1.876263437192740e+00, -4.189696275268511e-01, -2.616631062894884e-01
  4.375000000000000e-01,  1.532170555741710e+00, -1.588970685084916e-01,  5.055768785520208e-02,  1.863298334819418e+00, -4.264487386359191e-01, -2.593876048223724e-01
  4.416666666666667e-01,  1.532936253884549e+00, -1.568806506893132e-01,  4.803508593072003e-02,  1.849568753153188e+00, -4.339575712945189e-01, -2.569852519440929e-01
  4.458333333333334e-01,  1.533137589449617e+00, -1.546187234252094e-01,  4.520243040020958e-02,  1.835068434210664e+00, -4.414305646442165e-01, -2.544520799366340e-01
  4.500000000000000e-01,  1.532777559059814e+00, -1.521154788302501e-01,  4.206886842882585e-02,  1.819791938073942e+00, -4.487949432140386e-01, -2.517852390509959e-01
  4.541666666666667e-01,  1.531858879097297e+00, -1.493761304494752e-01,  3.864632285765573e-02,  1.803734900379662e+00, -4.559718092186903e-01, -2.489832731760749e-01
  4.583333333333334e-01,  1.530383774486219e+00, -1.464071162893554e-01,  3.494958241934550e-02,  1.786894244059940e+00, -4.628772325669347e-01, -2.460462433047020e-01
  4.625000000000000e-01,  1.528353779069982e+00, -1.432162704443447e-01,  3.099634326738379e-02,  1.769268367841877e+00, -4.694233316846734e-01, -2.429756999826256e-01
  4.666666666666667e-01,  1.525769168376694e+00, -1.398146491975649e-01,  2.680797914469470e-02,  1.750856569199700e+00, -4.755192154710510e-01, -2.397746428999850e-01
  4.708333333333333e-01,  1.522630290027529e+00, -1.362098809090615e-01,  2.240616746189115e-02,  1.731662220416832e+00, -4.810725353611132e-01, -2.364466881820130e-01
  4.750000000000000e-01,  1.518935171061087e+00, -1.324162335064920e-01,  1.781793694290198e-02,  1.711688462991928e+00, -4.859899706678154e-01, -2.329964264602256e-01
  4.791666666666666e-01,  1.514680837398569e+00, -1.284478318262197e-01,  1.307177233161715e-02,  1.690941430668036e+00, -4.901787389166244e-01, -2.294284196307348e-01
  4.833333333333333e-01,  1.509862818737848e+00, -1.243201950506476e-01,  8.198269117040372e-03,  1.669429748194571e+00, -4.935477798154702e-01, -2.257467695925964e-01
  4.875000000000000e-01,  1.504475068964707e+00, -1.200499857910238e-01,  3.229736216493693e-03,  1.647164824983615e+00, -4.960091285924143e-01, -2.219545510272583e-01
  4.916666666666667e-01,  1.498509959020536e+00, -1.156546349566347e-01, -1.800286421264108e-03,  1.624161188901904e+00, -4.974794073453854e-01, -2.180532774227425e-01
  4.958333333333334e-01,  1.491958366636593e+00, -1.111518248718961e-01, -6.857592874805930e-03,  1.600436860242314e+00, -4.978814301510686e-01, -2.140424581697367e-01
  5.000000000000000e-01,  1.484809881100059e+00, -1.065588570846614e-01, -1.190792901330447e-02,  1.576013750406973e+00, -4.971459055391174e-01, -2.099192890769156e-01
  5.041666666666667e-01,  1.477053135621287e+00, -1.018919565846583e-01, -1.691762225148141e-02,  1.550918053368716e+00, -4.952131848828664e-01, -2.056785033324498e-01
  5.083333333333333e-01,  1.468676277544430e+00, -9.716554941467814e-02, -2.185419064755044e-02,  1.525180596838907e+00, -4.920349754618144e-01, -2.013124084712096e-01
  5.125000000000000e-01,  1.459668136295950e+00, -9.239128905604077e-02, -2.668915023860992e-02,  1.498837871262299e+00, -4.875760369393428e-01, -1.968111768377180e-01
  5.166666666666666e-01,  1.450016797153430e+00, -8.757804120772028e-02, -3.138964201266170e-02,  1.471929358726978e+00, -4.818151248602654e-01, -1.921631745115471e-01
  5.208333333333334e-01,  1.439712576672289e+00, -8.273195513704534e-02, -3.592769298887935e-02,  1.444500196881055e+00, -4.747461384364889e-01, -1.873554442521650e-01
  5.249999999999999e-01,  1.428751268216204e+00, -7.785265632603555e-02, -4.029064649665364e-02,  1.416604778566050e+00, -4.663797031639427e-01, -1.823753268855820e-01
  5.291666666666667e-01,  1.417130099927444e+00, -7.292927545888994e-02, -4.444864898318202e-02,  1.388298965894115e+00, -4.567425882417199e-01, -1.772116977669293e-01
  5.333333333333333e-01,  1.404848235825233e+00, -6.796520037552911e-02, -4.839412438048148e-02,  1.359641839929765e+00, -4.458751064538570e-01, -1.718519578133148e-01
  5.375000000000000e-01,  1.391917041609968e+00, -6.293264934207721e-02, -5.210551529483474e-02,  1.330701991097402e+00, -4.338350307447195e-01, -1.662910339294389e-01
  5.416666666666667e-01,  1.378347496146525e+00, -5.782034094159894e-02, -5.557325834069921e-02,  1.301546745978386e+00, -4.206913140150417e-01, -1.605234235832981e-01
  5.458333333333333e-01,  1.364161264709089e+00, -5.260074623819633e-02, -5.878803435097081e-02,  1.272250665207949e+00, -4.065261059697531e-01, -1.545506835271658e-01
  5.499999999999999e-01,  1.349384158123983e+00, -4.725481526076303e-02, -6.173855406431338e-02,  1.242886537939405e+00, -3.914290699135154e-01, -1.483764894173046e-01
  5.541666666666666e-01,  1.334050561193471e+00, -4.175371449380960e-02, -6.441754526486662e-02,  1.213532289504218e+00, -3.754991343143214e-01, -1.420116428423052e-01
  5.583333333333333e-01,  1.318198783834184e+00, -3.607716528799676e-02, -6.681515608466267e-02,  1.184263294652994e+00, -3.588389746927476e-01, -1.354696210099881e-01
  5.624999999999999e-01,  1.301878482132319e+00, -3.019145234892018e-02, -6.892591497812674e-02,  1.155161660377157e+00, -3.415574501389507e-01, -1.287730914034372e-01
  5.666666666666667e-01,  1.285138922012937e+00, -2.408234133797160e-02, -7.073921890967694e-02,  1.126302113526888e+00, -3.237619715575406e-01, -1.219442249476342e-01
  5.708333333333333e-01,  1.268035185138265e+00, -1.773624930769091e-02, -7.224567728749852e-02,  1.097760016475924e+00, -3.055606043888868e-01, -1.150098459488987e-01
  5.750000000000000e-01,  1.250625430880930e+00, -1.114672430219898e-02, -7.343579731626002e-02,  1.069608584127984e+00, -2.870597674806356e-01, -1.079991024754344e-01
  5.791666666666666e-01,  1.232969901192345e+00, -4.315596326362137e-03, -7.430047745102424e-02,  1.041918356861412e+00, -2.683631141015442e-01, -1.009425134880479e-01
  5.833333333333333e-01,  1.215129996014654e+00,  2.746289954811187e-03, -7.483162973421822e-02,  1.014756803698227e+00, -2.495706816441632e-01, -9.387103783800578e-02
  5.875000000000000e-01,  1.197167470062513e+00,  1.001880351523021e-02, -7.502296273733526e-02,  9.881880810338926e-01, -2.307783015803541e-01, -8.681523317369673e-02
  5.916666666666666e-01,  1.179143768363063e+00,  1.747274257783937e-02, -7.487078426185825e-02,  9.622729345893005e-01, -2.120772449619891e-01, -7.980455851451398e-02
  5.958333333333333e-01,  1.161119511481362e+00,  2.507049300247455e-02, -7.437477750967890e-02,  9.370687273032534e-01, -1.935540586913988e-01, -7.286684699691628e-02
  6.000000000000000e-01,  1.143154816493367e+00,  3.276801338477919e-02, -7.354002780484051e-02,  9.126300581178100e-01, -1.752899985104747e-01, -6.602823370287424e-02
  6.041666666666666e-01,  1.125306489105189e+00,  4.051302240529608e-02, -7.237223845333220e-02,  8.890072410722183e-01, -1.573633156914509e-01, -5.931206964162834e-02
  6.083333333333333e-01,  1.107631434456715e+00,  4.825060407702986e-02, -7.088574686961772e-02,  8.662488289012104e-01, -1.398461561594507e-01, -5.273998621505116e-02
  6.124999999999999e-01,  1.090184317157199e+00,  5.592286551111569e-02, -6.909849833344138e-02,  8.444005533407897e-01, -1.228069134580454e-01, -4.633151020754032e-02
  6.166666666666666e-01,  1.073017966967566e+00,  6.347112397353705e-02, -6.703312583614617e-02,  8.235058389035000e-01, -1.063098595438963e-01, -4.010438818877066e-02
  6.208333333333333e-01,  1.056183179919310e+00,  7.083766711847739e-02, -6.471647281165305e-02,  8.036059598804899e-01, -9.041527273358406e-02, -3.407487793429501e-02
  6.249999999999999e-01,  1.039728072567903e+00,  7.796952212616892e-02, -6.217789785662208e-02,  7.847404191189324e-01, -7.517920808456943e-02, -2.825881094986417e-02
  6.291666666666667e-01,  1.023699324292507e+00,  8.481153411770626e-02, -5.945244231582208e-02,  7.669458359919167e-01, -6.065459884878895e-02, -2.266886903380369e-02
  6.333333333333332e-01,  1.008139583162472e+00,  9.131996698205835e-02, -5.657404996346096e-02,  7.502575363770870e-01, -4.688944608575056e-02, -1.731920413699103e-02
  6.375000000000000e-01,  9.930885688769366e-01,  9.745537919686686e-02, -5.357838873897285e-02,  7.347083591872249e-01, -3.392763221368340e-02, -1.222271997451221e-02
  6.416666666666666e-01,  9.785823762859807e-01,  1.031852533217714e-01, -5.050096873068748e-02,  7.203287333794471e-01, -2.180826793503308e-02, -7.391817045374390e-03
  6.458333333333333e-01,  9.646531951161864e-01,  1.084843670630724e-01, -4.737624959413932e-02,  7.071464767095326e-01, -1.056520706563392e-02, -2.838344675257962e-03
  6.500000000000000e-01,  9.513291063589592e-01,  1.133348930745910e-01, -4.423684450804094e-02,  6.951865912237000e-01, -2.264972928064128e-04,  1.426535343286126e-03
  6.541666666666666e-01,  9.386339757013434e-01,  1.177262450922592e-01, -4.111285644707068e-02,  6.844710750397118e-01,  9.186179348401942e-03,  5.392562490732698e-03
  6.583333333333333e-01,  9.265874590981887e-01,  1.216546970962473e-01, -3.803137404221330e-02,  6.750187686483975e-01,  1.765802429192714e-02,  9.050649324568298e-03
  6.625000000000000e-01,  9.152051225423984e-01,  1.251227999404012e-01, -3.501615772968400e-02,  6.668452481702258e-01,  2.518157648040029e-02,  1.239318286379200e-02
  6.666666666666666e-01,  9.044986617595830e-01,  1.281386282696326e-01, -3.208752781978110e-02,  6.599627724303080e-01,  3.175707902320533e-02,  1.541433482508504e-02
  6.708333333333333e-01,  8.944762014830188e-01,  1.307149102870337e-01, -2.926242704995168e-02,  6.543802884726772e-01,  3.739270656316399e-02,  1.811037044273463e-02
  6.749999999999999e-01,  8.851426563727008e-01,  1.328680911717983e-01, -2.655461811775249e-02,  6.501034968390786e-01,  4.210460789414407e-02,  2.047994061484364e-02
  6.791666666666666e-01,  8.765001288982887e-01,  1.346173696867439e-01, -2.397498436352274e-02,  6.471349697216316e-01,  4.591674882381413e-02,  2.252432783929599e-02
  6.833333333333332e-01,  8.685483085887401e-01,  1.359837495787402e-01, -2.153189766725088e-02,  6.454743065577027e-01,  4.886055851173080e-02,  2.424761145386704e-02
  6.875000000000000e-01,  8.612848485334682e-01,  1.369891475705454e-01, -1.923161171491212e-02,  6.451183129131640e-01,  5.097439028679409e-02,  2.565673437665345e-02
  6.916666666666667e-01,  8.547057140459869e-01,  1.376555895016711e-01, -1.707864339173911e-02,  6.460611901668858e-01,  5.230281185231527e-02,  2.676147464782808e-02
  6.958333333333333e-01,  8.488054964013151e-01,  1.380045139634576e-01, -1.507611595738121e-02,  6.482947170176745e-01,  5.289574797504001e-02,  2.757432773306918e-02
  7.000000000000000e-01,  8.435776774536926e-01,  1.380561988448843e-01, -1.322604406220782e-02,  6.518084052554413e-01,  5.280751321005108e-02,  2.811029567904851e-02
  7.041666666666666e-01,  8.390148316844460e-01,  1.378293296069451e-01, -1.152953670294157e-02,  6.565896197874649e-01,  5.209577951257762e-02,  2.838657955587426e-02
  7.083333333333333e-01,  8.351087541801255e-01,  1.373407205324986e-01, -9.986899701606497e-03,  6.626236514330656e-01,  5.082052210763349e-02,  2.842218883362433e-02
  7.125000000000000e-01,  8.318505131783904e-01,  1.366051840414333e-01, -8.597639459223032e-03,  6.698937320651591e-01,  4.904298404089064e-02,  2.823749323378793e-02
  7.166666666666666e-01,  8.292295080759783e-01,  1.356352890363306e-01, -7.359195597056599e-03,  6.783804593617765e-01,  4.682478737103120e-02,  2.785384587773216e-02
  7.208333333333333e-01,  8.272385167184302e-01,  1.344413977890335e-01, -6.273724857036578e-03,  6.880641999309942e-01,  4.422659703879105e-02,  2.729315728280246e-02
  7.249999999999999e-01,  8.258623482164219e-01,  1.330349069345278e-01, -5.331657941932153e-03,  6.989202919803505e-01,  4.130822950916270e-02,  2.657587843656285e-02
  7.291666666666666e-01,  8.250902434136730e-01,  1.314226033691241e-01, -4.530352358397105e-03,  7.109233012710272e-01,  3.812708768921061e-02,  2.572338146142404e-02
  7.333333333333333e-01,  8.249087085189666e-01,  1.296114844244030e-01, -3.862824155184724e-03,  7.240447305720300e-01,  3.473810514542315e-02,  2.475534347556367e-02
  7.374999999999999e-01,  8.253030679008124e-01,  1.276075181850038e-01, -3.320281302751076e-03,  7.382532308136597e-01,  3.119322749654156e-02,  2.369011837886703e-02
  7.416666666666667e-01,  8.262579476449353e-01,  1.254170439591651e-01, -2.892364705458208e-03,  7.535150714268355e-01,  2.754098269712713e-02,  2.254397003399809e-02
  7.458333333333332e-01,  8.277554913362593e-01,  1.230459236294970e-01, -2.565322118584209e-03,  7.697928413782473e-01,  2.382648976721140e-02,  2.133147951033835e-02
  7.500000000000000e-01,  8.297782643647790e-01,  1.205010474273425e-01, -2.325612722949224e-03,  7.870472004863229e-01,  2.009103886931848e-02,  2.006507900691534e-02
  7.541666666666667e-01,  8.323077358872675e-01,  1.177948414381735e-01, -2.154996802273713e-03,  8.052381358987889e-01,  1.637115360057090e-02,  1.875149150416448e-02
  7.583333333333333e-01,  8.353196892590792e-01,  1.149260628078952e-01, -2.034374595496240e-03,  8.243162371844851e-01,  1.270153811765102e-02,  1.740411492169030e-02
  7.625000000000000e-01,  8.387979402689317e-01,  1.119076135683092e-01, -1.950016132189323e-03,  8.442382094048759e-01,  9.110843475221071e-03,  1.602718479935119e-02
  7.666666666666666e-01,  8.427168897259135e-01,  1.087489208151526e-01, -1.877495412235219e-03,  8.649535728430348e-01,  5.624547708274003e-03,  1.462546760963114e-02
  7.708333333333333e-01,  8.470555660684815e-01,  1.054598403780411e-01, -1.799174705685490e-03,  8.864129255989712e-01,  2.263635515149276e-03,  1.320247938145707e-02
  7.749999999999999e-01,  8.517913473435561e-01,  1.020523074969206e-01, -1.695930237143160e-03,  9.085654101951145e-01, -9.550635656627894e-04,  1.176012268578554e-02
  7.791666666666666e-01,  8.569021275015459e-01,  9.853669225533390e-02, -1.550479546115368e-03,  9.313597898649708e-01, -4.019119871696029e-03,  1.029999532149611e-02
  7.833333333333333e-01,  8.623662025479533e-01,  9.492327672655598e-02, -1.347221858114012e-03,  9.547449948263762e-01, -6.920663127567188e-03,  8.823002498790920e-03
  7.875000000000000e-01,  8.681624557291731e-01,  9.122416963060465e-02, -1.072857270130453e-03,  9.786705856181890e-01, -9.656316953675456e-03,  7.329052518766866e-03
  7.916666666666666e-01,  8.742705370508220e-01,  8.744891629240437e-02, -7.167425243613472e-04,  1.003086981893416e+00, -1.222757841589530e-02,  5.818241486063333e-03
  7.958333333333333e-01,  8.806708967017893e-01,  8.360686448132904e-02, -2.711762726331168e-04,  1.027945872521119e+00, -1.464075661350062e-02,  4.290232736018150e-03
  7.999999999999999e-01,  8.873447908551488e-01,  7.970631511281678e-02,  2.684266721452967e-04,  1.053200406321323e+00, -1.690705330945463e-02,  2.744416311127121e-03
  8.041666666666667e-01,  8.942742249624339e-01,  7.575435175644274e-02,  9.034621825826380e-04,  1.078805321529881e+00, -1.904254589148470e-02,  1.179853386704487e-03
  8.083333333333332e-01,  9.014421320850485e-01,  7.175601861748260e-02,  1.631930929260066e-03,  1.104717166555552e+00, -2.106826558305620e-02, -4.047456514249035e-04
  8.125000000000000e-01,  9.088310828126095e-01,  6.771685758701840e-02,  2.449436200959313e-03,  1.130893470416091e+00, -2.300930703921757e-02, -2.011317706558050e-03
  8.166666666666665e-01,  9.164247772347744e-01,  6.363882345489125e-02,  3.348037902287335e-03,  1.157293674746262e+00, -2.489550787132025e-02, -3.642152267251185e-03
  8.208333333333333e-01,  9.242068108896215e-01,  5.952272995363228e-02,  4.317360467815677e-03,  1.183878218260962e+00, -2.676042329510936e-02, -5.300198915745003e-03
  8.250000000000000e-01,  9.321607846587487e-01,  5.536744975703956e-02,  5.344684798345730e-03,  1.210608434191889e+00, -2.864097784934123e-02, -6.989021433895163e-03
  8.291666666666666e-01,  9.402701651735789e-01,  5.116972571945344e-02,  6.415315159933370e-03,  1.237446244358746e+00, -3.057687854431458e-02, -8.712782217991762e-03
  8.333333333333334e-01,  9.485181638145979e-01,  4.692395238937985e-02,  7.512994896199262e-03,  1.264353839847423e+00, -3.260994331043762e-02, -1.047620646573178e-02
  8.374999999999999e-01,  9.568876385913245e-01,  4.262194522432083e-02,  8.620368424676759e-03,  1.291293372276934e+00, -3.478336388780619e-02, -1.228453981737981e-02
  8.416666666666667e-01,  9.653610228878313e-01,  3.825273746453695e-02,  9.719494030854529e-03,  1.318226674133959e+00, -3.714093382703352e-02, -1.414349570378973e-02
  8.458333333333333e-01,  9.739203019388066e-01,  3.380243482498546e-02,  1.079240307720587e-02,  1.345115025921783e+00, -3.972626935791016e-02, -1.605919064487713e-02
  8.500000000000000e-01,  9.825470729899445e-01,  2.925414804197146e-02,  1.182168536743917e-02,  1.371918990982388e+00, -4.258204614367948e-02, -1.803807618774412e-02
  8.541666666666666e-01,  9.912227027935617e-01,  2.458802801527926e-02,  1.279107969555727e-02,  1.398598329599233e+00, -4.574927434061516e-02, -2.008687400682778e-02
  8.583333333333332e-01,  9.999285626368253e-01,  1.978142752621848e-02,  1.368605487455478e-02,  1.425111988798305e+00, -4.926662996287781e-02, -2.221250701713627e-02
  8.624999999999999e-01,  1.008645843682042e+00,  1.481003245005397e-02,  1.449477361358402e-02,  1.451417871113649e+00, -5.316946758922882e-02, -2.442183456394462e-02
  8.666666666666666e-01,  1.017357768890208e+00,  9.645171546610598e-03,  1.520698180711733e-02,  1.477474134214947e+00, -5.749085281750477e-02, -2.672229375968859e-02
  8.708333333333333e-01,  1.026047068457519e+00,  4.259329351776531e-03,  1.581687486674735e-02,  1.503237573973323e+00, -6.225875407235357e-02, -2.912070979957835e-02
  8.749999999999999e-01,  1.034698217946719e+00, -1.376238339586999e-03,  1.632182797079424e-02,  1.528665039007228e+00, -6.749724571799497e-02, -3.162390735134274e-02
  8.791666666666665e-01,  1.043297291171825e+00, -7.289748776357241e-03,  1.672302903117452e-02,  1.553713356440314e+00, -7.322578543076347e-02, -3.423840462112828e-02
  8.833333333333333e-01,  1.051832303477313e+00, -1.350774214392136e-02,  1.702557942053492e-02,  1.578339591479444e+00, -7.945893574915150e-02, -3.697027863360951e-02
  8.875000000000000e-01,  1.060293568377644e+00, -2.005374540381299e-02,  1.723845630901867e-02,  1.602501332479048e+00, -8.620613031192545e-02, -3.982502390139685e-02
  8.916666666666667e-01,  1.068674071977161e+00, -2.694684855837881e-02,  1.737433628973652e-02,  1.626156989725248e+00, -9.347148076362367e-02, -4.280739525769099e-02
  8.958333333333333e-01,  1.076969868285343e+00, -3.420029707061101e-02,  1.744929880771313e-02,  1.649266094462029e+00, -1.012536159667827e-01, -4.592122353379610e-02
  8.999999999999999e-01,  1.085180500921610e+00, -4.182017039757380e-02,  1.748243775551798e-02,  1.671789590138136e+00, -1.095455377630784e-01, -4.916919980400927e-02
  9.041666666666667e-01,  1.093309455826363e+00, -4.980417071814336e-02,  1.749540682407036e-02,  1.693690116147672e+00, -1.183344862850920e-01, -5.255264238307861e-02
  9.083333333333333e-01,  1.101364649578192e+00, -5.814054163531290e-02,  1.751190132455609e-02,  1.714932290466582e+00, -1.276018268527857e-01, -5.607127597312925e-02
  9.124999999999999e-01,  1.109358919149131e+00, -6.680719344678909e-02,  1.755711846627049e-02,  1.735482975310306e+00, -1.373229796263720e-01, -5.972303821864096e-02
  9.166666666666666e-01,  1.117310467611756e+00, -7.577114176388444e-02,  1.765721836007356e-02,  1.755311503824316e+00, -1.474673924271542e-01, -6.350390947208989e-02
  9.208333333333333e-01,  1.125243180956002e+00, -8.498834519304466e-02,  1.783880747086226e-02,  1.774389839619307e+00, -1.579985537392677e-01, -6.740775598065851e-02
  9.250000000000000e-01,  1.133186710179646e+00, -9.440401977616086e-02,  1.812843745950851e-02,  1.792692646786053e+00, -1.688740644160389e-01, -7.142618607953717e-02
  9.291666666666666e-01,  1.141176205830702e+00, -1.039535055242933e-01,  1.855209571757482e-02,  1.810197254185212e+00, -1.800458041468270e-01, -7.554842595203787e-02
  9.333333333333332e-01,  1.149251596606099e+00, -1.135637315801428e-01,  1.913465250617656e-02,  1.826883504929531e+00, -1.914602182664748e-01, -7.976122411255182e-02
  9.375000000000000e-01,  1.157456319531865e+00, -1.231552878655053e-01,  1.989922663299228e-02,  1.842733489637334e+00, -2.030587419771009e-01, -8.404879243951809e-02
  9.416666666666667e-01,  1.165835450221091e+00, -1.326450792972849e-01,  2.086645435062963e-02,  1.857731169756675e+00, -2.147783810437563e-01, -8.839278239588075e-02
  9.458333333333334e-01,  1.174433750149702e+00, -1.419478356671240e-01,  2.205279314377392e-02,  1.871862326384497e+00, -2.265522481315024e-01, -9.277240609516034e-02
  9.499999999999998e-01,  1.183290809914546e+00, -1.509859825490112e-01,  2.347327235532812e-02,  1.885112420592604e+00, -2.383113108352245e-01, -9.716406200579283e-02
  9.541666666666666e-01,  1.192441031201153e+00, -1.596833185425528e-01,  2.513517302873557e-02,  1.897468671853843e+00, -2.499841473546771e-01, -1.015421487227785e-01
  9.583333333333333e-01,  1.201907967083659e+00, -1.679776795335446e-01,  2.704236882576959e-02,  1.908917413780404e+00, -2.614993084199932e-01, -1.058786767192847e-01
  9.625000000000000e-01,  1.211705593876474e+00, -1.758078701399386e-01,  2.918785428302264e-02,  1.919447388393568e+00, -2.727849265224702e-01, -1.101445928001752e-01
  9.666666666666666e-01,  1.221830289452899e+00, -1.831357132919236e-01,  3.156474863077623e-02,  1.929044658794460e+00, -2.837726519647609e-01, -1.143087896459588e-01
  9.708333333333332e-01,  1.232265848116849e+00, -1.899433218650610e-01,  3.415855452906476e-02,  1.937696308986400e+00, -2.943975873432675e-01, -1.183395116363577e-01
  9.750000000000000e-01,  1.242983448104285e+00, -1.962072169041464e-01,  3.694433755290386e-02,  1.945393318795371e+00, -3.045987789325419e-01, -1.222060127250952e-01
  9.791666666666666e-01,  1.253937322331859e+00, -2.019345127435064e-01,  3.990053445244381e-02,  1.952124829141835e+00, -3.143239558974483e-01, -1.258772121279547e-01
  9.833333333333334e-01,  1.265073395180875e+00, -2.071347940828483e-01,  4.299714715189736e-02,  1.957884933870526e+00, -3.235284965329956e-01, -1.293244641388986e-01
  9.874999999999999e-01,  1.276328270703085e+00, -2.118284281321636e-01,  4.620294242436709e-02,  1.962670563771362e+00, -3.321784250806759e-01, -1.325215475125656e-01
  9.916666666666666e-01,  1.287632654829583e+00, -2.160423251494574e-01,  4.948519927620888e-02,  1.966482575430329e+00, -3.402516820466046e-01, -1.354456372717292e-01
  9.958333333333333e-01,  1.298914088042489e+00, -2.198076005918563e-01,  5.281051733316376e-02,  1.969326047241905e+00, -3.477392721949847e-01, -1.380779835970439e-01
  1.000000000000000e+00,  1.310099486111647e+00, -2.231574197518114e-01,  5.614548003128115e-02,  1.971210280610069e+00, -3.546458934711729e-01, -1.404044072185132e-01
  1.004166666666667e+00,  1.321117744849375e+00, -2.261234574887028e-01,  5.945626608492762e-02,  1.972148902610686e+00, -3.609898194790017e-01, -1.424157552686418e-01
  1.008333333333333e+00,  1.331899962202140e+00, -2.287411782833559e-01,  6.271252472081769e-02,  1.972157733410672e+00, -3.668028047297425e-01, -1.441072077332025e-01
  1.012500000000000e+00,  1.342383218934039e+00, -2.310383081253244e-01,  6.588216168561072e-02,  1.971256461618401e+00, -3.721279519315453e-01, -1.454791835919367e-01
  1.016666666666667e+00,  1.352510165164428e+00, -2.330398656021611e-01,  6.893435639898597e-02,  1.969466452475023e+00, -3.770183230881252e-01, -1.465363616713918e-01
  1.020833333333333e+00,  1.362228744529412e+00, -2.347712694059942e-01,  7.184162434462046e-02,  1.966808974810591e+00, -3.815348317716549e-01, -1.472866310225355e-01
  1.025000000000000e+00,  1.371494280288020e+00, -2.362501438090521e-01,  7.457535345721379e-02,  1.963306277574892e+00, -3.857430313023854e-01, -1.477413778628857e-01
  1.029166666666667e+00,  1.380268132632861e+00, -2.374920158281568e-01,  7.710891300718176e-02,  1.958979466730363e+00, -3.897107781114817e-01, -1.479140298789199e-01
  1.033333333333333e+00,  1.388517564657859e+00, -2.385080234792236e-01,  7.941694148368578e-02,  1.953848221975912e+00, -3.935054961705771e-01, -1.478195503496420e-01
  1.037500000000000e+00,  1.396216211811033e+00, -2.393102757605048e-01,  8.147553848171023e-02,  1.947930113015510e+00, -3.971914712784791e-01, -1.474731926402059e-01
  1.041666666666667e+00,  1.403342421354683e+00, -2.399046660773780e-01,  8.326203222609273e-02,  1.941240593401769e+00, -4.008279101476794e-01, -1.468905734441689e-01
  1.045833333333333e+00,  1.409879371863191e+00, -2.402965318235384e-01,  8.475555762705642e-02,  1.933792489326818e+00, -4.044669181392380e-01, -1.460865542139832e-01
  1.050000000000000e+00,  1.415815333587763e+00, -2.404874835261119e-01,  8.593504263114331e-02,  1.925596848588359e+00, -4.081518032513473e-01, -1.450753056793376e-01
  1.054166666666667e+00,  1.421139496103707e+00, -2.404853255485822e-01,  8.678722745562180e-02,  1.916659777029161e+00, -4.119168080390195e-01, -1.438683103792839e-01
  1.058333333333333e+00,  1.425847387169498e+00, -2.402865956729048e-01,  8.729322323862244e-02,  1.906988197871476e+00, -4.157849462268013e-01, -1.424771243316318e-01
  1.062500000000000e+00,  1.429935997518063e+00, -2.398954805064970e-01,  8.744017806859371e-02,  1.896585238694651e+00, -4.197685427400314e-01, -1.409102939881846e-01
  1.066666666666667e+00,  1.433403047717474e+00, -2.393182376467451e-01,  8.722049022555255e-02,  1.885450914371138e+00, -4.238694407981353e-01, -1.391743311747449e-01
  1.070833333333334e+00,  1.436250541531370e+00, -2.385492771725790e-01,  8.662170216486105e-02,  1.873586857695572e+00, -4.280779131696283e-01, -1.372758421689341e-01
  1.075000000000000e+00,  1.438481449232527e+00, -2.375870985835644e-01,  8.563511244321532e-02,  1.860993051346786e+00, -4.323736384126938e-01, -1.352191953485628e-01
  1.079166666666667e+00,  1.440098073425419e+00, -2.364356065790201e-01,  8.425897678565157e-02,  1.847666828837139e+00, -4.367268466590483e-01, -1.330066979713360e-01
  1.083333333333333e+00,  1.441104971069340e+00, -2.350946139668124e-01,  8.249072157545587e-02,  1.833606520026697e+00, -4.410981056168378e-01, -1.306404220112447e-01
  1.087500000000000e+00,  1.441506995575937e+00, -2.335622623073947e-01,  8.033025058366190e-02,  1.818810568814218e+00, -4.454395081026065e-01, -1.281219425721851e-01
  1.091666666666667e+00,  1.441308872124794e+00, -2.318426280628869e-01,  7.778207153690193e-02,  1.803276779447421e+00, -4.496954032703999e-01, -1.254512933235878e-01
  1.095833333333333e+00,  1.440515817129415e+00, -2.299341635808252e-01,  7.485141590165469e-02,  1.787004532866335e+00, -4.538033930211167e-01, -1.226292345062364e-01
  1.100000000000000e+00,  1.439132739945367e+00, -2.278371373224719e-01,  7.154691695324272e-02,  1.769993819850555e+00, -4.576952483023209e-01, -1.196560805112655e-01
  1.104166666666667e+00,  1.437164220766425e+00, -2.255520537423708e-01,  6.788000799217231e-02,  1.752245802724850e+00, -4.612978988740594e-01, -1.165320714452001e-01
  1.108333333333333e+00,  1.434614296967813e+00, -2.230797991078961e-01,  6.386499189425376e-02,  1.733763042745212e+00, -4.645344738577538e-01, -1.132573671496753e-01
  1.112500000000000e+00,  1.431486263348858e+00, -2.204217961732211e-01,  5.951905205142639e-02,  1.714549730671029e+00, -4.673253973920761e-01, -1.098319759397517e-01
  1.116666666666667e+00,  1.427782483375267e+00, -2.175801467368692e-01,  5.486220940163924e-02,  1.694611924542519e+00, -4.695895520510400e-01, -1.062556194727413e-01
  1.120833333333333e+00,  1.423505109455988e+00, -2.145559728276438e-01,  4.991540813146448e-02,  1.673958546628164e+00, -4.712453140956880e-01, -1.025279882242447e-01
  1.125000000000000e+00,  1.418652341231845e+00, -2.113564181637837e-01,  4.470765279106934e-02,  1.652598636835245e+00, -4.722126936339177e-01, -9.864680725901923e-02
  1.129166666666667e+00,  1.413223912048986e+00, -2.079843021465031e-01,  3.926448211687331e-02,  1.630546227298059e+00, -4.724134498398514e-01, -9.461022360733486e-02
  1.133333333333333e+00,  1.407217047708965e+00, -2.044446617254956e-01,  3.361565351041319e-02,  1.607817431583604e+00, -4.717735245089997e-01, -9.041491253601039e-02
  1.137500000000000e+00,  1.400627831287494e+00, -2.007428862393048e-01,  2.779224221203253e-02,  1.584431734276968e+00, -4.702242851988733e-01, -8.605640270165500e-02
  1.141666666666667e+00,  1.393451227468197e+00, -1.968842186708974e-01,  2.182643735834654e-02,  1.560412243628591e+00, -4.677041739505194e-01, -8.152906494026468e-02
  1.145833333333333e+00,  1.385681431306459e+00, -1.928731752642607e-01,  1.575097619343140e-02,  1.535786050478010e+00, -4.641602871176788e-01, -7.682625319002427e-02
  1.150000000000000e+00,  1.377312331400739e+00, -1.887128519105501e-01,  9.598635388076935e-03,  1.510584546659443e+00, -4.595498772843168e-01, -7.194058845533612e-02
  1.154166666666667e+00,  1.368338121096937e+00, -1.844041780189847e-01,  3.401749476692324e-03,  1.484843698318757e+00, -4.538416930745128e-01, -6.686438163673698e-02
  1.158333333333333e+00,  1.358754032588459e+00, -1.799451712210212e-01, -2.808195591554311e-03,  1.458604245642366e+00, -4.470170860365626e-01, -6.159018934534470e-02
  1.162500000000000e+00,  1.348556860184899e+00, -1.753311062823919e-01, -9.000450076256964e-03,  1.431911532362285e+00, -4.390708554236609e-01, -5.611126896389201e-02
  1.166666666666667e+00,  1.337747357589934e+00, -1.705497787404879e-01, -1.514726502437161e-02,  1.404816881923550e+00, -4.300114789420774e-01, -5.042344976372212e-02
  1.170833333333333e+00,  1.326327981837176e+00, -1.655896152747993e-01, -2.121957782969705e-02,  1.377374640196444e+00, -4.198615963468564e-01, -4.452372709796754e-02
  1.175000000000000e+00,  1.314306937133924e+00, -1.604313455375301e-01, -2.719145540717644e-02,  1.349644777144913e+00, -4.086571609295324e-01, -3.841323461607599e-02
  1.179166666666667e+00,  1.301697050444504e+00, -1.550525210967337e-01, -3.303723004535252e-02,  1.321690904433481e+00, -3.964469160684980e-01, -3.209678304022470e-02
  1.183333333333334e+00,  1.288517411083803e+00, -1.494269772741872e-01, -3.873314242639689e-02,  1.293580600427257e+00, -3.832910408866567e-01, -2.558377075673755e-02
  1.187500000000000e+00,  1.274790344236979e+00, -1.435294659055744e-01, -4.425145220180043e-02,  1.265382187482740e+00, -3.692601460561521e-01, -1.888724648264713e-02
  1.191666666666667e+00,  1.260546634977934e+00, -1.373292333361640e-01, -4.956863301693793e-02,  1.237168290799608e+00, -3.544328569819269e-01, -1.202643835128591e-02
  1.195833333333334e+00,  1.245820661046539e+00, -1.308009058748234e-01, -5.465825080498183e-02,  1.209010970566719e+00, -3.388945622595246e-01, -5.023758557644212e-03
  1.200000000000000e+00,  1.230651645383383e+00, -1.239214310195984e-01, -5.949344894580887e-02,  1.180982592837789e+00, -3.227353602547882e-01,  2.094253946137208e-03
  1.204166666666667e+00,  1.215082510521907e+00, -1.166731496876090e-01, -6.404661364296263e-02,  1.153154584136200e+00, -3.060482886865997e-01,  9.297944653537882e-03
  1.208333333333333e+00,  1.199159411337166e+00, -1.090432908226318e-01, -6.828991306144791e-02,  1.125597186886285e+00, -2.889276157404668e-01,  1.655468162217055e-02
  1.212500000000000e+00,  1.182928877902602e+00, -1.010344660788849e-01, -7.219484329909502e-02,  1.098376408298035e+00, -2.714674740240006e-01,  2.383251898879752e-02
  1.216666666666667e+00,  1.166439707148353e+00, -9.265231952469000e-02, -7.573447850797546e-02,  1.071556916007665e+00, -2.537604017327313e-01,  3.109706939143125e-02
  1.220833333333333e+00,  1.149740315434880e+00, -8.391485017618350e-02, -7.888330140450865e-02,  1.045199374730476e+00, -2.358964245319613e-01,  3.831502105369987e-02
  1.225000000000000e+00,  1.132878582134869e+00, -7.485023784076028e-02, -8.161841737320120e-02,  1.019360802936277e+00, -2.179622345369708e-01,  4.545422572300314e-02
  1.229166666666667e+00,  1.115901451403412e+00, -6.549630103548965e-02, -8.392050242745219e-02,  9.940945603095981e-01, -2.000406339596651e-01,  5.248426078923480e-02
  1.233333333333333e+00,  1.098854740672718e+00, -5.589949444601205e-02, -8.577467440127558e-02,  9.694504995753126e-01, -1.822101958305567e-01,  5.937680544921888e-02
  1.237500000000000e+00,  1.081783121177171e+00, -4.611355144032658e-02, -8.717122502403275e-02,  9.454752412800651e-01, -1.645451122970767e-01,  6.610584354959573e-02
  1.241666666666667e+00,  1.064730663702019e+00, -3.619611224066954e-02, -8.810643337348953e-02,  9.222130950243125e-01, -1.471151202445588e-01,  7.264707644851610e-02
  1.245833333333333e+00,  1.047739246274830e+00, -2.621402685131602e-02, -8.858181749990915e-02,  8.997041747829310e-01, -1.299859083500278e-01,  7.898033322718846e-02
  1.250000000000000e+00,  1.030851423844161e+00, -1.623110636242719e-02, -8.860589116460212e-02,  8.779881565663541e-01, -1.132189033418984e-01,  8.508565252185750e-02
  1.254166666666667e+00,  1.014108797258835e+00, -6.313271887324223e-03, -8.819289571477250e-02,  8.571023801300054e-01, -9.687177494573804e-02,  9.094544944321531e-02
  1.258333333333333e+00,  9.975525229649044e-01,  3.474813697779577e-03, -8.736271303718131e-02,  8.370826667292222e-01, -8.099860771038149e-02,  9.654359537026390e-02
  1.262500000000000e+00,  9.812232580713831e-01,  1.307124275625160e-02, -8.614030726117497e-02,  8.179634939526003e-01, -6.565008815361031e-02,  1.018650978768876e-01
  1.266666666666667e+00,  9.651609726645596e-01,  2.241816603900348e-02, -8.455500093800145e-02,  7.997780719225007e-01, -5.087363055984766e-02,  1.068958113587107e-01
  1.270833333333333e+00,  9.494046447343686e-01,  3.146287925685676e-02, -8.263962911382630e-02,  7.825583244370935e-01, -3.671342703949322e-02,  1.116222032166959e-01
  1.275000000000000e+00,  9.339918647017368e-01,  4.015868566722736e-02, -8.042961138307053e-02,  7.663347849167088e-01, -2.321040022461878e-02,  1.160311842403791e-01
  1.279166666666667e+00,  9.189579526691991e-01,  4.846578264081192e-02, -7.796122836942523e-02,  7.511362294124443e-01, -1.040201246178167e-02,  1.201099331966753e-01
  1.283333333333333e+00,  9.043382789238302e-01,  5.635068979014313e-02, -7.527536002738472e-02,  7.369908468745858e-01,  1.677810109946578e-03,  1.238461397154435e-01
  1.287500000000000e+00,  8.901605751388114e-01,  6.378801323868388e-02, -7.240441863813712e-02,  7.239221293969741e-01,  1.299941327925241e-02,  1.272277554081254e-01
  1.291666666666667e+00,  8.764547063512034e-01,  7.075977111332676e-02, -6.938824903794928e-02,  7.119544028766940e-01,  2.353744964424603e-02,  1.302429872180397e-01
  1.295833333333333e+00,  8.632445089676571e-01,  7.725471985087573e-02, -6.626054605375560e-02,  7.011078712270944e-01,  3.327158795689673e-02,  1.328809809491942e-01
  1.300000000000000e+00,  8.505509311614080e-01,  8.326855600513383e-02, -6.305359785938733e-02,  6.914004904921132e-01,  4.218696555823368e-02,  1.351317400550361e-01
  1.304166666666667e+00,  8.383914910243985e-01,  8.880318175967750e-02, -5.979705124341315e-02,  6.828474742158295e-01,  5.027467993279482e-02,  1.369865387010212e-01
  1.308333333333334e+00,  8.267804075791246e-01,  9.386601430188102e-02, -5.651771546701793e-02,  6.754612232987811e-01,  5.753222595612594e-02,  1.384382902903141e-01
  1.312500000000000e+00,  8.157288417194564e-01,  9.846919735148263e-02, -5.323954047319022e-02,  6.692513239734881e-01,  6.396385246911457e-02,  1.394819329191744e-01
  1.316666666666667e+00,  8.052452192221520e-01,  1.026287279696445e-01, -4.998375174460786e-02,  6.642246034135427e-01,  6.958080497419654e-02,  1.401148152191984e-01
  1.320833333333333e+00,  7.953356078703203e-01,  1.063635378367831e-01, -4.676910040846024e-02,  6.603852358223172e-01,  7.440141977559735e-02,  1.403370681824947e-01
  1.325000000000000e+00,  7.860041215309277e-01,  1.096945869847532e-01, -4.361217725034669e-02,  6.577348950841985e-01,  7.845104115485027e-02,  1.401519459666039e-01
  1.329166666666667e+00,  7.772533181589188e-01,  1.126440022556214e-01, -4.052775107132857e-02,  6.562729384706830e-01,  8.176175057525920e-02,  1.395661126342883e-01
  1.333333333333333e+00,  7.690845683686816e-01,  1.152342673151574e-01, -3.752911391394020e-02,  6.559966012716364e-01,  8.437191822724364e-02,  1.385898455783984e-01
  1.337500000000000e+00,  7.614986036489398e-01,  1.174866133798664e-01, -3.462894604997599e-02,  6.569010434347937e-01,  8.632557617248762e-02,  1.372375284763174e-01
  1.341666666666667e+00,  7.544949366976589e-01,  1.194239194021307e-01, -3.183748578508572e-02,  6.589801404530552e-01,  8.767174446293535e-02,  1.355260341153001e-01
  1.345833333333333e+00,  7.480733325871115e-01,  1.210647520822927e-01, -2.916592162195732e-02,  6.622256598921302e-01,  8.846341999083036e-02,  1.334770625302210e-01
  1.350000000000000e+00,  7.422330537017957e-01,  1.224266780979109e-01, -2.662439468461394e-02,  6.666280182441614e-01,  8.875671314158805e-02,  1.311152199199998e-01
  1.354166666666667e+00,  7.369730813134855e-01,  1.235250390104721e-01, -2.422257538227763e-02,  6.721761373266514e-01,  8.860981970783403e-02,  1.284680706064198e-01
  1.358333333333333e+00,  7.322920579790453e-01,  1.243728058880784e-01, -2.196961457579903e-02,  6.788574213571689e-01,  8.808200998379433e-02,  1.255656577400431e-01
  1.362500000000000e+00,  7.281881807388687e-01,  1.249805782047382e-01, -1.987399798204003e-02,  6.866576895402887e-01,  8.723263305279040e-02,  1.224399354270646e-01
  1.366666666666667e+00,  7.246588209463983e-01,  1.253558695853019e-01, -1.794318488961239e-02,  6.955607022872883e-01,  8.612025312724206e-02,  1.191244920730464e-01
  1.370833333333333e+00,  7.217012962370855e-01,  1.255067746387075e-01, -1.618383957706374e-02,  7.055495098025326e-01,  8.480145862240832e-02,  1.156522675481759e-01
  1.375000000000000e+00,  7.193112510473862e-01,  1.254369521369407e-01, -1.460077301584825e-02,  7.166039855109932e-01,  8.333059488090129e-02,  1.120571914167359e-01
  1.379166666666667e+00,  7.174834027666118e-01,  1.251496447194256e-01, -1.319705736358406e-02,  7.287022120683541e-01,  8.175877697854025e-02,  1.083717791011249e-01
  1.383333333333334e+00,  7.162111127029892e-01,  1.246471729597227e-01, -1.197356872736606e-02,  7.418199170097443e-01,  8.013342711165060e-02,  1.046268597273430e-01
  1.387500000000000e+00,  7.154863774427915e-01,  1.239306276819658e-01, -1.092910667122622e-02,  7.559302484235662e-01,  7.849787765106213e-02,  1.008512872123240e-01
  1.391666666666667e+00,  7.152990076781953e-01,  1.230035190773580e-01, -1.005841106361547e-02,  7.710040537614828e-01,  7.689086578276202e-02,  9.707005179862890e-02
  1.395833333333333e+00,  7.156373780093996e-01,  1.218663842523400e-01, -9.354671132173014e-03,  7.870089489108865e-01,  7.534663271277250e-02,  9.330637019298241e-02
  1.400000000000000e+00,  7.164882933444525e-01,  1.205234253812737e-01, -8.807988167765112e-03,  8.039107251487746e-01,  7.389428891859305e-02,  8.957882014713210e-02
  1.404166666666667e+00,  7.178360051903980e-01,  1.189796008386412e-01, -8.404940464154602e-03,  8.216720729692711e-01,  7.255814669256806e-02,  8.590297014245681e-02
  1.408333333333333e+00,  7.196631504282263e-01,  1.172403678712404e-01, -8.129305962163116e-03,  8.402535943802073e-01,  7.135688322706366e-02,  8.228896285599883e-02
  1.412500000000000e+00,  7.219513162834682e-01,  1.153111960384161e-01, -7.964818723921628e-03,  8.596133917861889e-01,  7.030488785422946e-02,  7.874752162271442e-02
  1.416666666666667e+00,  7.246795420200438e-01,  1.132034570784870e-01, -7.890673547114146e-03,  8.797082891482063e-01,  6.941053833289008e-02,  7.528216223444710e-02
  1.420833333333333e+00,  7.278262340139013e-01,  1.109270493244152e-01, -7.886377189060493e-03,  9.004935045982311e-01,  6.867714858371106e-02,  7.189505941243972e-02
  1.425000000000000e+00,  7.313688350106000e-01,  1.084964268239961e-01, -7.930861954612154e-03,  9.219236963631301e-01,  6.810261966424155e-02,  6.858480224284075e-02
  1.429166666666667e+00,  7.352838797397164e-01,  1.059252679540088e-01, -8.003132443589188e-03,  9.439526428861509e-01,  6.767960281775295e-02,  6.534829145843742e-02
  1.433333333333333e+00,  7.395479049032914e-01,  1.032282173752070e-01, -8.083675394917120e-03,  9.665343416116513e-01,  6.739535663572714e-02,  6.218040072074571e-02
  1.437500000000000e+00,  7.441364465514618e-01,  1.004228819025215e-01, -8.153491760939512e-03,  9.896228485857367e-01,  6.723199143486100e-02,  5.907378163466721e-02
  1.441666666666667e+00,  7.490260516875495e-01,  9.752488788095914e-02, -8.197079506655935e-03,  1.013173298940280e+00,  6.716635034199288e-02,  5.602025654042044e-02
  1.445833333333333e+00,  7.541933206201329e-01,  9.455024514770694e-02, -8.201387515103634e-03,  1.037141805245148e+00,  6.717028861592636e-02,  5.301034983979344e-02
  1.450000000000000e+00,  7.596153402468840e-01,  9.151421079258948e-02, -8.156598317262623e-03,  1.061485793894620e+00,  6.721087082497816e-02,  5.003365082741773e-02
  1.454166666666667e+00,  7.652697834375878e-01,  8.843090608925785e-02, -8.056371462123858e-03,  1.086164150429616e+00,  6.725068512270102e-02,  4.707894766460270e-02
  1.458333333333333e+00,  7.711349551893001e-01,  8.531297325657028e-02, -7.897958860181594e-03,  1.111137266600010e+00,  6.724825431702021e-02,  4.413431623992857e-02
  1.462500000000000e+00,  7.771897844453564e-01,  8.217126220574889e-02, -7.682199452854093e-03,  1.136366987462574e+00,  6.715854387658696e-02,  4.118717121713389e-02
  1.466666666666667e+00,  7.834137746181374e-01,  7.901456796782091e-02, -7.413392345528017e-03,  1.161816468754982e+00,  6.693355975619095e-02,  3.822429986474535e-02
  1.470833333333333e+00,  7.897869263244490e-01,  7.584941256919930e-02, -7.099053711660063e-03,  1.187449958206696e+00,  6.652303202042151e-02,  3.523190589562811e-02
  1.475000000000000e+00,  7.962896497289209e-01,  7.267982237559800e-02, -6.749587272613563e-03,  1.213232517873129e+00,  6.587518146572061e-02,  3.219566819497195e-02
  1.479166666666667e+00,  8.029026844248943e-01,  6.950706846580013e-02, -6.377885486152026e-03,  1.239129708391251e+00,  6.493755187606601e-02,  2.910080458956581e-02
  1.483333333333333e+00,  8.096070431232408e-01,  6.632938815080403e-02, -5.998861015337134e-03,  1.265107260507201e+00,  6.365787815486310e-02,  2.593214499679271e-02
  1.487500000000000e+00,  8.163839881204364e-01,  6.314171412950320e-02, -5.628910810254148e-03,  1.291130756055164e+00,  6.198496157022038e-02,  2.267422601845716e-02
  1.491666666666667e+00,  8.232150506242316e-01,  5.993541441108308e-02, -5.285328189675684e-03,  1.317165337358430e+00,  5.986952942014707e-02,  1.931140936051677e-02
  1.495833333333333e+00,  8.300821108419429e-01,  5.669806342857631e-02, -4.985679055312628e-03,  1.343175468892372e+00,  5.726505989181471e-02,  1.582801921233217e-02
  1.500000000000000e+00,  8.369675544905687e-01,  5.341331099049618e-02, -4.747153605146409e-03,  1.369124777394444e+00,  5.412855062657512e-02,  1.220848533595006e-02
  1.504166666666667e+00,  8.438545038164702e-01,  5.006090446637623e-02, -4.585908938815439e-03,  1.394975981462424e+00,  5.042120814617201e-02,  8.437476717698783e-03
  1.508333333333334e+00,  8.507271079671476e-01,  4.661686170134227e-02, -4.516421128273827e-03,  1.420690902320550e+00,  4.610903874136273e-02,  4.500033685587280e-03
  1.512500000000000e+00,  8.575707171294794e-01,  4.305445930878582e-02, -4.550835221948459e-03,  1.446230350873836e+00,  4.116380291231909e-02,  3.819773606509034e-04
  1.516666666666667e+00,  8.643729144085369e-01,  3.934196719090877e-02, -4.698492691130336e-03,  1.471555062548110e+00,  3.556147611190436e-02, -3.930945232284952e-03
  1.520833333333333e+00,  8.711228103254525e-01,  3.544756105249625e-02, -4.965242498930845e-03,  1.496624655773167e+00,  2.928543610374035e-02, -8.451342887239881e-03
  1.525000000000000e+00,  8.778121668789688e-01,  3.133772031495741e-02, -5.353314925794809e-03,  1.521398684420084e+00,  2.232498756106980e-02, -1.319088700927598e-02
  1.529166666666667e+00,  8.844352359162253e-01,  2.697750170533930e-02, -5.860269162171753e-03,  1.545836760878500e+00,  1.467481683718175e-02, -1.816050145107450e-02
  1.533333333333333e+00,  8.909893212232760e-01,  2.233328070414431e-02, -6.479578006611961e-03,  1.569898687545166e+00,  6.336316526382321e-03, -2.336951129157648e-02
  1.537500000000000e+00,  8.974753393333028e-01,  1.737512657705076e-02, -7.200857139586436e-03,  1.593544751032920e+00, -2.681588578342913e-03, -2.882491755529433e-02
  1.541666666666667e+00,  9.038973875592626e-01,  1.207456990769162e-02, -8.008360071652161e-03,  1.616736129871119e+00, -1.236531548212377e-02, -3.453278036799247e-02
  1.545833333333333e+00,  9.102635598623346e-01,  6.408723061301025e-03, -8.882235167860037e-03,  1.639435066870359e+00, -2.269465113888379e-02, -4.049686678489495e-02
  1.550000000000000e+00,  9.165860726371005e-01,  3.609755974209872e-04, -9.798436473622624e-03,  1.661605175305140e+00, -3.364347591842283e-02, -4.671878788726972e-02
  1.554166666666667e+00,  9.228814830420130e-01, -6.077683587434324e-03, -1.072904268084100e-02,  1.683211698966287e+00, -4.518000830975175e-02, -5.319786021832353e-02
  1.558333333333333e+00,  9.291708548817075e-01, -1.290745481704580e-02, -1.164269062851865e-02,  1.704221752363908e+00, -5.726710535646978e-02, -5.993099551818114e-02
  1.562500000000000e+00,  9.354798475368654e-01, -2.011871510107111e-02, -1.250513155312023e-02,  1.724604529189540e+00, -6.986260699208134e-02, -6.691262412897099e-02
  1.566666666666667e+00,  9.418396352181105e-01, -2.768810697561364e-02, -1.328082708128182e-02,  1.744331840759630e+00, -8.291813333593320e-02, -7.413376753927019e-02
  1.570833333333333e+00,  9.482829121536204e-01, -3.559089404216675e-02, -1.393010949360050e-02,  1.763376755050869e+00, -9.638588043400875e-02, -8.158562496364494e-02
  1.575000000000000e+00,  9.548491477630093e-01, -4.378219388779669e-02, -1.441574614924424e-02,  1.781715803746208e+00, -1.102093339235707e-01, -8.925410100031411e-02
  1.579166666666667e+00,  9.615800125813784e-01, -5.221008692727880e-02, -1.470023071961441e-02,  1.799327535888677e+00, -1.243303170796655e-01, -9.712356634103760e-02
  1.583333333333333e+00,  9.685192651256940e-01, -6.081360566502614e-02, -1.474806487993983e-02,  1.816192786471173e+00, -1.386878206583817e-01, -1.051760041041203e-01
  1.587500000000000e+00,  9.757112333030581e-01, -6.952433560308324e-02, -1.452705178800955e-02,  1.832294489030021e+00, -1.532185564446929e-01, -1.133910995704486e-01
  1.591666666666667e+00,  9.831989885136104e-01, -7.826847756276778e-02, -1.400965630702297e-02,  1.847617434924322e+00, -1.678575198915702e-01, -1.217463586639244e-01
  1.595833333333333e+00,  9.910222666504687e-01, -8.696927310210834e-02, -1.317426418784869e-02,  1.862147981600385e+00, -1.825385783241302e-01, -1.302172408421558e-01
  1.600000000000000e+00,  9.992152918457680e-01, -9.554963078213996e-02, -1.200624409427001e-02,  1.875873749602983e+00, -1.971950883146743e-01, -1.387773244600832e-01
  1.604166666666667e+00,  1.007804689251728e+00, -1.039347500250560e-01, -1.049872018890720e-02,  1.888783353716680e+00, -2.117605431071545e-01, -1.473985250316221e-01
  1.608333333333333e+00,  1.016807683853645e+00, -1.120545336789374e-01, -8.652983026483105e-03,  1.900866211958278e+00, -2.261692498085107e-01, -1.560513828603852e-01
  1.612500000000000e+00,  1.026230765121641e+00, -1.198456113698203e-01, -6.478494082444644e-03,  1.912112466695707e+00, -2.403570407840135e-01, -1.647054279095374e-01
  1.616666666666667e+00,  1.036068949827716e+00, -1.272528546877416e-01, -3.992482013782169e-03,  1.922513038429544e+00, -2.542620295511551e-01, -1.733296212777962e-01
  1.620833333333334e+00,  1.046305693288312e+00, -1.342303286282420e-01, -1.219174601558691e-03,  1.932059814683908e+00, -2.678254276621599e-01, -1.818928691338622e-01
  1.625000000000000e+00,  1.056913852662660e+00, -1.407374916261361e-01,  1.810791564665992e-03,  1.940746401923514e+00, -2.809916360490131e-01, -1.903643215983293e-01
  1.629166666666667e+00,  1.067854894927359e+00, -1.467561684953571e-01,  5.063439296054944e-03,  1.948566708066571e+00, -2.937125765754178e-01, -1.987152300622577e-01
  1.633333333333334e+00,  1.079083117819587e+00, -1.522638053662813e-01,  8.500076063353353e-03,  1.955518082338784e+00, -3.059436098238412e-01, -2.069176975608186e-01
  1.637500000000000e+00,  1.090545375833360e+00, -1.572504116080518e-01,  1.208033293298219e-02,  1.961599870081740e+00, -3.176482475356966e-01, -2.149467539837572e-01
  1.641666666666667e+00,  1.102183361119097e+00, -1.617129032304474e-01,  1.576289854800985e-02,  1.966814187648258e+00, -3.287983637571105e-01, -2.227806495823502e-01
  1.645833333333333e+00,  1.113935422021164e+00, -1.656538603312494e-01,  1.950652482993157e-02,  1.971166116850056e+00, -3.393752228201404e-01, -2.304014376805983e-01
  1.650000000000000e+00,  1.125738349769677e+00, -1.690802685306241e-01,  2.327085181661235e-02,  1.974663749715177e+00, -3.493702905345037e-01, -2.377954329202681e-01
  1.654166666666667e+00,  1.137529063710918e+00, -1.720023241034485e-01,  2.701705524435925e-02,  1.977318062709327e+00, -3.587857115089618e-01, -2.449534981739456e-01
  1.658333333333333e+00,  1.149246741424743e+00, -1.744292424378657e-01,  3.070707548383943e-02,  1.979143277667472e+00, -3.676338444304220e-01, -2.518712186264190e-01
  1.662500000000000e+00,  1.160831669840481e+00, -1.763797451223172e-01,  3.430875685490496e-02,  1.980153916452291e+00, -3.759387498898787e-01, -2.585484372572194e-01
  1.666666666666667e+00,  1.172229760171180e+00, -1.778675877236142e-01,  3.778944422096765e-02,  1.980367526357960e+00, -3.837328450563129e-01, -2.649893627630547e-01
