Main.Studies.MarkerTracking.t,Main.Studies.MarkerTracking.JointAngleOutputs.OutputFile_LeftLeg.HipFlexion,Main.Studies.MarkerTracking.JointAngleOutputs.OutputFile_LeftLeg.HipAbduction,Main.Studies.MarkerTracking.JointAngleOutputs.OutputFile_LeftLeg.HipExternalRotation,Main.Studies.MarkerTracking.JointAngleOutputs.OutputFile_LeftLeg.KneeFlexion,Main.Studies.MarkerTracking.JointAngleOutputs.OutputFile_LeftLeg.AnklePlantarFlexion,Main.Studies.MarkerTracking.JointAngleOutputs.OutputFile_LeftLeg.SubTalarEversion
  2.090000000000000e+00, -4.156047279657449e-01,  3.951062292546959e-02, -6.953258581296505e-02,  2.245278436921273e-01, -2.882837260038236e-01, -1.267531031824551e-02
  2.100000000000000e+00, -4.242568056566496e-01,  4.726111057395088e-02, -7.337745001430415e-02,  2.463415380061155e-01, -2.749185044077656e-01, -1.633859543497121e-02
  2.110000000000000e+00, -4.300106478775463e-01,  5.519099887230650e-02, -7.642004143505611e-02,  2.721324632915864e-01, -2.578882026562596e-01, -2.043775746430136e-02
  2.120000000000000e+00, -4.325812845755717e-01,  6.324206526731535e-02, -7.844636492274921e-02,  3.020301033051953e-01, -2.369752644770216e-01, -2.502944813436574e-02
  2.130000000000000e+00, -4.318099675318429e-01,  7.139744050538299e-02, -7.929152296048005e-02,  3.360420452631204e-01, -2.120897703098184e-01, -3.012602617751192e-02
  2.140000000000000e+00, -4.276615576775795e-01,  7.967874579614542e-02, -7.888174387883927e-02,  3.740377192737645e-01, -1.833225487995592e-01, -3.566320222670493e-02
  2.150000000000000e+00, -4.202192272596889e-01,  8.813142841209509e-02, -7.726465223534168e-02,  4.157397957230726e-01, -1.509981727240291e-01, -4.148213734386982e-02
  2.160000000000000e+00, -4.096689411373967e-01,  9.679638858183326e-02, -7.461991776872781e-02,  4.607312186918633e-01, -1.157155348850948e-01, -4.733497854354210e-02
  2.170000000000000e+00, -3.962708156089298e-01,  1.056757779099990e-01, -7.124281503729191e-02,  5.084815037328964e-01, -7.835821250733480e-02, -5.291828929726809e-02
  2.180000000000000e+00, -3.803188992493270e-01,  1.147048076340362e-01, -6.750227534433306e-02,  5.583889523834434e-01, -4.005743466994292e-02, -5.792775337139033e-02
  2.190000000000000e+00, -3.620969232389458e-01,  1.237401777128664e-01, -6.378389981463407e-02,  6.098284932143521e-01, -2.100999979710769e-03, -6.211775856944119e-02
  2.200000000000000e+00, -3.418409755541882e-01,  1.325696286741631e-01, -6.043269372426204e-02,  6.621925567218773e-01,  3.419951331322833e-02, -6.534673926619879e-02
  2.210000000000000e+00, -3.197182948868489e-01,  1.409392326065113e-01, -5.770877279050055e-02,  7.149160999477177e-01,  6.765259749062345e-02, -6.759503436825862e-02
  2.220000000000000e+00, -2.958255378260848e-01,  1.485892454553812e-01, -5.576366165886790e-02,  7.674838817931889e-01,  9.730499993109763e-02, -6.895309736709970e-02
  2.230000000000000e+00, -2.702034806939311e-01,  1.552880460073516e-01, -5.463780708509770e-02,  8.194241773257575e-01,  1.225080901250118e-01, -6.958834582077300e-02
  2.240000000000000e+00, -2.428612934396998e-01,  1.608566673402922e-01, -5.427424630082470e-02,  8.702957813785963e-01,  1.429266378034870e-01, -6.970408747039501e-02
  2.250000000000000e+00, -2.138031311312819e-01,  1.651813122338002e-01, -5.454080790733403e-02,  9.196744814301582e-01,  1.585023197502448e-01, -6.950273979527970e-02
  2.260000000000000e+00, -1.830516945798809e-01,  1.682153181058286e-01, -5.525393938614085e-02,  9.671428241923495e-01,  1.693923348971438e-01, -6.916035434797931e-02
  2.270000000000000e+00, -1.506659127722559e-01,  1.699739074598330e-01, -5.619989421440043e-02,  1.012284606701946e+00,  1.759018505676899e-01, -6.881378815809069e-02
  2.280000000000000e+00, -1.167518731490276e-01,  1.705249558749986e-01, -5.715180504916749e-02,  1.054683921076893e+00,  1.784225412347578e-01, -6.855807687899494e-02
  2.290000000000000e+00, -8.146727956469008e-02,  1.699779629890146e-01, -5.788299497969592e-02,  1.093927838083182e+00,  1.773828571575881e-01, -6.845014724589334e-02
  2.300000000000000e+00, -4.502025985336483e-02,  1.684723622860256e-01, -5.817752601657711e-02,  1.129611640219177e+00,  1.732110921383407e-01, -6.851527979060267e-02
  2.310000000000000e+00, -7.663588043501248e-03,  1.661657125277178e-01, -5.783881799269123e-02,  1.161345600092540e+00,  1.663100042143279e-01, -6.875377223786334e-02
  2.320000000000000e+00,  3.031446424154949e-02,  1.632222017340814e-01, -5.669669525532754e-02,  1.188762448214703e+00,  1.570410023333472e-01, -6.914639312931276e-02
  2.330000000000000e+00,  6.860131600584544e-02,  1.598020525667594e-01, -5.461280915902236e-02,  1.211524807258412e+00,  1.457159933794941e-01, -6.965812739258172e-02
  2.340000000000000e+00,  1.068717477238152e-01,  1.560525889829429e-01, -5.148109847930631e-02,  1.229329991061487e+00,  1.325954148320278e-01, -7.024024470497753e-02
  2.350000000000000e+00,  1.432678063962508e-01,  1.533875427851492e-01, -4.526184709266492e-02,  1.240570402044953e+00,  1.178276612096156e-01, -7.129264080464282e-02
  2.360000000000000e+00,  1.785671393868034e-01,  1.510905253665837e-01, -4.273152748791823e-02,  1.249344719204001e+00,  1.015517053034065e-01, -7.255365788226144e-02
  2.370000000000000e+00,  2.142117265642751e-01,  1.475314718541987e-01, -3.961838480732154e-02,  1.252912550845717e+00,  8.410591460678489e-02, -7.314101829036296e-02
  2.380000000000000e+00,  2.484984016435568e-01,  1.440065066388545e-01, -3.471472678966841e-02,  1.250288255478686e+00,  6.555179854627335e-02, -7.345474869215299e-02
  2.390000000000000e+00,  2.811520102935925e-01,  1.405905908243059e-01, -2.815355814901188e-02,  1.241517129855487e+00,  4.594993463611888e-02, -7.339514879496428e-02
  2.400000000000000e+00,  3.119327272965720e-01,  1.373424198550501e-01, -2.009037836490983e-02,  1.226685771535765e+00,  2.540053845314800e-02, -7.286394449002434e-02
  2.410000000000000e+00,  3.406299442459059e-01,  1.343074144971057e-01, -1.069576990913311e-02,  1.205917002762462e+00,  4.050450025976946e-03, -7.175775659243185e-02
  2.420000000000000e+00,  3.670562492163533e-01,  1.315213948759633e-01, -1.466509429381442e-04,  1.179365514827037e+00, -1.787220300340879e-02, -6.998468762119535e-02
  2.430000000000000e+00,  3.910421436564108e-01,  1.290101238704724e-01,  1.137516329495635e-02,  1.147214553692905e+00, -4.010625630084920e-02, -6.742881029113669e-02
  2.440000000000000e+00,  4.124310309586326e-01,  1.267955197137489e-01,  2.369485907531922e-02,  1.109677024851220e+00, -6.226332505984500e-02, -6.401580517308327e-02
  2.450000000000000e+00,  4.310771979806563e-01,  1.248960801532242e-01,  3.664422268006193e-02,  1.066999707283767e+00, -8.388257125951526e-02, -5.968313204207720e-02
  2.460000000000000e+00,  4.468466548483256e-01,  1.233314673371959e-01,  5.006387053863362e-02,  1.019473283289794e+00, -1.044319326405472e-01, -5.439355029348652e-02
  2.470000000000000e+00,  4.596227928560722e-01,  1.221284034811421e-01,  6.380265869899131e-02,  9.674491982336394e-01, -1.233353499771267e-01, -4.813812232580724e-02
  2.480000000000000e+00,  4.693185021646054e-01,  1.213287705733672e-01,  7.771611469383478e-02,  9.113648589851707e-01, -1.400135825936281e-01, -4.093766624500690e-02
  2.490000000000000e+00,  4.758964063329336e-01,  1.209993410523464e-01,  9.166602147418244e-02,  8.517780941823835e-01, -1.539364855607412e-01, -3.284469042125207e-02
  2.500000000000000e+00,  4.793977095406986e-01,  1.212401621408858e-01,  1.055227521490110e-01,  7.894091788869978e-01, -1.646879227514635e-01, -2.394617694330444e-02
  2.510000000000000e+00,  4.799783572913583e-01,  1.221889112963419e-01,  1.191848736433926e-01,  7.251892455359833e-01, -1.720000351650776e-01, -1.439153775138766e-02
  2.520000000000000e+00,  4.779423075246287e-01,  1.240038177427047e-01,  1.325872021980892e-01,  6.602889583381871e-01, -1.758461086521219e-01, -4.389885443425568e-03
  2.530000000000000e+00,  4.737604321834445e-01,  1.268275305604483e-01,  1.457356988605207e-01,  5.961201349604018e-01, -1.764286001394283e-01,  5.746795808912292e-03
  2.540000000000000e+00,  4.680505124119105e-01,  1.307187011244493e-01,  1.587005442411936e-01,  5.342633722804591e-01, -1.741957502994220e-01,  1.561416949123202e-02
  2.550000000000000e+00,  4.615119744773861e-01,  1.355803193928691e-01,  1.716049941695594e-01,  4.763235724820618e-01, -1.697492870747645e-01,  2.474052961110037e-02
  2.560000000000000e+00,  4.548217585450558e-01,  1.411176958869280e-01,  1.845352019482534e-01,  4.237281778614633e-01, -1.637806185019331e-01,  3.268600102460276e-02
  2.570000000000000e+00,  4.485324551908024e-01,  1.468639147751092e-01,  1.974595928204370e-01,  3.775528258403784e-01, -1.569580454249504e-01,  3.914087620799705e-02
  2.580000000000000e+00,  4.430137384456958e-01,  1.522671119857701e-01,  2.101832195641753e-01,  3.384407919639335e-01, -1.498498863302702e-01,  4.399131966886560e-02
  2.590000000000000e+00,  4.384520735133458e-01,  1.567960423055512e-01,  2.223723011481833e-01,  3.066347849701519e-01, -1.428888630253847e-01,  4.731448613803380e-02
  2.600000000000000e+00,  4.348916505520157e-01,  1.600173507978959e-01,  2.336331765150127e-01,  2.820796515036355e-01, -1.363725857312240e-01,  4.931521849323239e-02
  2.610000000000000e+00,  4.322879414336731e-01,  1.616270434995313e-01,  2.436040798686834e-01,  2.645373462587879e-01, -1.304843854958821e-01,  5.024365290794553e-02
  2.620000000000000e+00,  4.305528129518069e-01,  1.614469250280539e-01,  2.520256074216590e-01,  2.536751646627960e-01, -1.253203107013274e-01,  5.032786393185363e-02
  2.630000000000000e+00,  4.295821989047185e-01,  1.594061861306080e-01,  2.587768785816371e-01,  2.491149543237842e-01, -1.209142104159316e-01,  4.973585633474414e-02
  2.640000000000000e+00,  4.292724739838443e-01,  1.555278710239247e-01,  2.638703117911966e-01,  2.504519402727138e-01, -1.172654227775729e-01,  4.857999613898454e-02
  2.650000000000000e+00,  4.294856204271644e-01,  1.498969726220523e-01,  2.674706190156020e-01,  2.572249802348703e-01, -1.143236672640535e-01,  4.686698055343279e-02
  2.660000000000000e+00,  4.300780383122187e-01,  1.426838454177783e-01,  2.697963499034433e-01,  2.689201890547392e-01, -1.120444221179837e-01,  4.461786027248942e-02
  2.670000000000000e+00,  4.308458543271959e-01,  1.341133339109333e-01,  2.711229162650217e-01,  2.849214806591689e-01, -1.103633301680275e-01,  4.181841542978556e-02
  2.680000000000000e+00,  4.315389713400274e-01,  1.244576529434238e-01,  2.716958040464240e-01,  3.044993383211587e-01, -1.092362253737861e-01,  3.850175703731262e-02
  2.690000000000000e+00,  4.318295809607322e-01,  1.140054829873909e-01,  2.717282826387246e-01,  3.267966200408402e-01, -1.086084281755074e-01,  3.471412609057031e-02
  2.700000000000000e+00,  4.313492623998781e-01,  1.030392360826553e-01,  2.713476955525737e-01,  3.508604565699282e-01, -1.084513319366625e-01,  3.055802975734204e-02
  2.710000000000000e+00,  4.297145237790005e-01,  9.180630562009506e-02,  2.705960108901735e-01,  3.756880035910631e-01, -1.087625987547637e-01,  2.617427166184103e-02
  2.720000000000000e+00,  4.265648366547238e-01,  8.050188750805276e-02,  2.694419057318005e-01,  4.002905350166101e-01, -1.095686404259130e-01,  2.172316031422913e-02
  2.730000000000000e+00,  4.215972224314640e-01,  6.926497973262657e-02,  2.678042821416323e-01,  4.237579568490631e-01, -1.109205056662609e-01,  1.736291070149966e-02
  2.740000000000000e+00,  4.145889430904005e-01,  5.818586955698790e-02,  2.655784027982463e-01,  4.453093503529797e-01, -1.128836174023875e-01,  1.323240351072996e-02
  2.750000000000000e+00,  4.054049706611386e-01,  4.732000346018572e-02,  2.626579716678659e-01,  4.643216470294017e-01, -1.155240764953386e-01,  9.441961768109136e-03
  2.760000000000000e+00,  3.939920426541848e-01,  3.670284633651999e-02,  2.589502010349691e-01,  4.803363187956670e-01, -1.188952054497496e-01,  6.071908041272047e-03
  2.770000000000000e+00,  3.803640697845560e-01,  2.636224059472458e-02,  2.543839336612665e-01,  4.930493049797670e-01, -1.230273729444891e-01,  3.176346050437987e-03
  2.780000000000000e+00,  3.645841484548390e-01,  1.632714675971658e-02,  2.489123958886433e-01,  5.022911766734877e-01, -1.279225938759927e-01,  7.891734903426607e-04
  2.790000000000000e+00,  3.467473732954879e-01,  6.633302271719987e-03,  2.425124872862522e-01,  5.080037347136070e-01, -1.335538545977920e-01, -1.069964609706966e-03
  2.800000000000000e+00,  3.269671126106529e-01, -2.673041429480660e-03,  2.351823082745843e-01,  5.102173714800906e-01, -1.398681329793757e-01, -2.391069309040652e-03
  2.810000000000000e+00,  3.053660296776551e-01, -1.153232417271166e-02,  2.269383046216493e-01,  5.090316639539024e-01, -1.467917597567877e-01, -3.170993766525716e-03
  2.820000000000000e+00,  2.820720816165150e-01, -1.986943928630880e-02,  2.178130897492694e-01,  5.046002378425730e-01, -1.542369060427692e-01, -3.412423146244295e-03
  2.830000000000000e+00,  2.572189492209734e-01, -2.759232242758403e-02,  2.078546585539127e-01,  4.971199754511114e-01, -1.621083195305943e-01, -3.124348783270270e-03
  2.840000000000000e+00,  2.309497557233972e-01, -3.459210000647261e-02,  1.971272757906036e-01,  4.868240093788806e-01, -1.703097667771884e-01, -2.323668343469412e-03
  2.850000000000000e+00,  2.034224913768110e-01, -4.074565741317571e-02,  1.857138070948954e-01,  4.739775304323098e-01, -1.787498647034693e-01, -1.037506302243746e-03
  2.860000000000000e+00,  1.748153149063082e-01, -4.592124298961409e-02,  1.737187291774225e-01,  4.588751824637685e-01, -1.873470784494160e-01,  6.942005625689813e-04
  2.870000000000000e+00,  1.453299225512845e-01, -4.998717592094115e-02,  1.612706232547971e-01,  4.418387192616431e-01, -1.960336593439715e-01,  2.816387424000223e-03
  2.880000000000000e+00,  1.151915079797068e-01, -5.282302331611732e-02,  1.485227492069662e-01,  4.232136907384697e-01, -2.047582600062430e-01,  5.257431763976405e-03
  2.890000000000000e+00,  8.464446622417558e-02, -5.433194230629002e-02,  1.356504169105789e-01,  4.033642350373223e-01, -2.134869609068537e-01,  7.929246431178399e-03
  2.900000000000000e+00,  5.394366036102045e-02, -5.445213210166777e-02,  1.228445827678447e-01,  3.826655695439427e-01, -2.222024995108679e-01,  1.072929471367118e-02
  2.910000000000000e+00,  2.334313993320523e-02, -5.316730718267171e-02,  1.103003128104755e-01,  3.614944292614107e-01, -2.309018075605463e-01,  1.354543895837132e-02
  2.920000000000000e+00, -6.918851302594356e-03, -5.051033393183935e-02,  9.820433618400341e-02,  3.402181895162392e-01, -2.395917331483203e-01,  1.626170941193495e-02
  2.930000000000000e+00, -3.663280113617395e-02, -4.656481455311545e-02,  8.671915458977734e-02,  3.191842680877168e-01, -2.482837915573059e-01,  1.876634737532162e-02
  2.940000000000000e+00, -6.562995788395154e-02, -4.146057943424220e-02,  7.596909068402281e-02,  2.987109022486308e-01, -2.569881628295660e-01,  2.095943323624354e-02
  2.950000000000000e+00, -9.379071391366778e-02, -3.536571200797556e-02,  6.602917714106218e-02,  2.790806392197187e-01, -2.657076478933617e-01,  2.275942035597330e-02
  2.960000000000000e+00, -1.210486831190758e-01, -2.847654836553382e-02,  5.691862275565934e-02,  2.605371826922395e-01, -2.744320695253575e-01,  2.410747396659632e-02
  2.970000000000000e+00, -1.473901026749287e-01, -2.100762331164319e-02,  4.859946811353615e-02,  2.432857192698890e-01, -2.831334995324671e-01,  2.496913766139791e-02
  2.980000000000000e+00, -1.728484589524114e-01, -1.318329107739191e-02,  4.098012602197983e-02,  2.274964289293190e-01, -2.917625553163497e-01,  2.533347644283327e-02
  2.990000000000000e+00, -1.974942416684191e-01, -5.231973355497299e-03,  3.392288812607167e-02,  2.133106997207284e-01, -3.002458860694675e-01,  2.521036280822145e-02
  3.000000000000000e+00, -2.214196423728530e-01,  2.617320479928464e-03,  2.725436147240589e-02,  2.008495919578706e-01, -3.084848549971536e-01,  2.462682740170336e-02
  3.010000000000000e+00, -2.447181747173061e-01,  1.013833127729802e-02,  2.077822386982088e-02,  1.902241903463323e-01, -3.163552917642107e-01,  2.362331629518292e-02
  3.020000000000000e+00, -2.674600154170209e-01,  1.711473462811197e-02,  1.429051011928659e-02,  1.815474410714831e-01, -3.237080201290072e-01,  2.225029449870887e-02
  3.030000000000000e+00, -2.896655954765413e-01,  2.335595452762917e-02,  7.598407068424813e-03,  1.749467119045739e-01, -3.303696909218163e-01,  2.056501954637976e-02
  3.040000000000000e+00, -3.112817619234840e-01,  2.872435448280419e-02,  5.432633930966638e-04,  1.705758050840693e-01, -3.361433937476476e-01,  1.862788244221110e-02
  3.050000000000000e+00, -3.321700434606424e-01,  3.316697354634823e-02, -6.973135764614665e-03,  1.686229085239177e-01, -3.408085831133729e-01,  1.649676411354117e-02
  3.060000000000000e+00, -3.521046481801865e-01,  3.674552634990080e-02, -1.496344881695728e-02,  1.693158406179853e-01, -3.441210646654836e-01,  1.421966053902989e-02
  3.070000000000000e+00, -3.707912055883224e-01,  3.963390462667138e-02, -2.334066129150543e-02,  1.729179157709898e-01, -3.458128886762503e-01,  1.182638798540949e-02
  3.080000000000000e+00, -3.878934694598618e-01,  4.208710821917028e-02, -3.191769346491109e-02,  1.797196037047079e-01, -3.455940682230784e-01,  9.319633393368035e-03
  3.090000000000000e+00, -4.030624508771940e-01,  4.438682725044707e-02, -4.042164874801498e-02,  1.900261578203074e-01, -3.431564713789557e-01,  6.667859429204983e-03
  3.100000000000000e+00, -4.159600163990831e-01,  4.678850335673057e-02, -4.851614731502999e-02,  2.041435401791060e-01, -3.381803155896808e-01,  3.801959407923380e-03
  3.110000000000000e+00, -4.262738768574943e-01,  4.949022805901082e-02, -5.582596734980537e-02,  2.223629689828100e-01, -3.303436400380731e-01,  6.184257695238299e-04
  3.120000000000000e+00, -4.337254632240364e-01,  5.262957103771670e-02, -6.196354206505240e-02,  2.449424217814470e-01, -3.193356361725551e-01, -3.007546990447092e-03
  3.130000000000000e+00, -4.380751628058900e-01,  5.630116093686999e-02, -6.656164099635492e-02,  2.720823300315878e-01, -3.048754473563868e-01, -7.196185426924262e-03
  3.140000000000000e+00, -4.391302565493880e-01,  6.058138873644281e-02, -6.931637450012411e-02,  3.038935455063168e-01, -2.867387394160792e-01, -1.202473271515161e-02
  3.150000000000000e+00, -4.367593473301068e-01,  6.554619585501120e-02, -7.003853974107734e-02,  3.403592664025530e-01, -2.647945744922653e-01, -1.748282890766735e-02
  3.160000000000000e+00, -4.309128222696829e-01,  7.127170399851357e-02, -6.870188020487315e-02,  3.812986851086808e-01, -2.390538680860646e-01, -2.343539429582326e-02
  3.170000000000000e+00, -4.216429553313097e-01,  7.781485695644674e-02, -6.546999590949373e-02,  4.263457396137831e-01, -2.097263895686906e-01, -2.961078816541858e-02
  3.180000000000000e+00, -4.091130517572528e-01,  8.518088062627394e-02, -6.068616125816472e-02,  4.749562832213916e-01, -1.772751832494504e-01, -3.562714125600726e-02
  3.190000000000000e+00, -3.935866881919894e-01,  9.329194631711979e-02, -5.482356907605293e-02,  5.264480438565966e-01, -1.424481889943120e-01, -4.105532923327132e-02
  3.200000000000000e+00, -3.753960530203455e-01,  1.019719929186793e-01, -4.840976578859583e-02,  5.800638444336764e-01, -1.062636299019791e-01, -4.550075765822054e-02
  3.210000000000000e+00, -3.548976841863829e-01,  1.109555278136547e-01, -4.194744868442757e-02,  6.350389358417584e-01, -6.993513765440813e-02, -4.867832374232681e-02
  3.220000000000000e+00, -3.324285363998890e-01,  1.199180316166477e-01, -3.585088610878118e-02,  6.906539651229736e-01, -3.474402308941374e-02, -5.045926403559067e-02
  3.230000000000000e+00, -3.082735038467043e-01,  1.285179942177501e-01, -3.040820572307058e-02,  7.462638858976737e-01, -1.889090516191731e-03, -5.088051861436853e-02
  3.240000000000000e+00, -2.826498510597621e-01,  1.364383147781192e-01, -2.577090803482005e-02,  8.013033797059476e-01,  2.764512465921746e-02, -5.011998608984508e-02
  3.250000000000000e+00, -2.557080715872628e-01,  1.434173916696351e-01, -2.196562950270980e-02,  8.552760208615259e-01,  5.316953933432866e-02, -4.845005073875460e-02
  3.260000000000000e+00, -2.275448025202178e-01,  1.492655605669069e-01, -1.891963116238330e-02,  9.077361742642956e-01,  7.431062375959527e-02, -4.618493978703259e-02
  3.270000000000000e+00, -1.982221527089963e-01,  1.538678823409605e-01, -1.649087615008227e-02,  9.582708391265451e-01,  9.097992439493374e-02, -4.363494787373082e-02
  3.280000000000000e+00, -1.677885032373754e-01,  1.571775415665668e-01, -1.449561827418735e-02,  1.006485547936739e+00,  1.033140678606418e-01, -4.107466837652980e-02
  3.290000000000000e+00, -1.362974001450559e-01,  1.592047398999459e-01, -1.272987566197827e-02,  1.051995686467939e+00,  1.116057097656995e-01, -3.872632077650263e-02
  3.300000000000000e+00, -1.038226858416803e-01,  1.600047750635567e-01, -1.098437006098588e-02,  1.094422906314797e+00,  1.162393218207712e-01, -3.675528614754778e-02
  3.310000000000000e+00, -7.046910239081755e-02,  1.596672294650572e-01, -9.054456322886465e-03,  1.133395582421866e+00,  1.176385081119032e-01, -3.527351091893878e-02
  3.320000000000000e+00, -3.637823776159625e-02,  1.583067431342562e-01, -6.747130504245575e-03,  1.168552151555189e+00,  1.162264149307254e-01, -3.434677077127417e-02
  3.330000000000000e+00, -1.730039747599381e-03,  1.560550488651162e-01, -3.886824467651880e-03,  1.199546305037341e+00,  1.123981160141551e-01, -3.400290525310499e-02
  3.340000000000000e+00,  3.325963958220357e-02,  1.530537486506827e-01, -3.209171610623964e-04,  1.226053188730103e+00,  1.065029323032913e-01, -3.423932851147420e-02
  3.350000000000000e+00,  6.834478570250711e-02,  1.494474895788469e-01,  4.074870062581595e-03,  1.247775900395867e+00,  9.883467452177912e-02, -3.502905764078336e-02
  3.360000000000000e+00,  1.032573475078505e-01,  1.453775164146314e-01,  9.391555092439777e-03,  1.264451664646714e+00,  8.962820432155758e-02, -3.632510340039739e-02
  3.370000000000000e+00,  1.377166687215393e-01,  1.409758527592078e-01,  1.568304684698665e-02,  1.275857140870290e+00,  7.906118174406569e-02, -3.806339077415036e-02
  3.380000000000000e+00,  1.714390750361015e-01,  1.363604905134763e-01,  2.296393528559674e-02,  1.281812417571984e+00,  6.726026518684330e-02, -4.016451001429775e-02
  3.390000000000000e+00,  2.041465460690745e-01,  1.316319314410499e-01,  3.120929236545076e-02,  1.282183391615593e+00,  5.431130476437017e-02, -4.253462872341689e-02
  3.399999999999999e+00,  2.355736325049714e-01,  1.268712745806986e-01,  4.035658438906574e-02,  1.276882425508294e+00,  4.027320018830609e-02, -4.506588771997407e-02
  3.410000000000000e+00,  2.654721185022009e-01,  1.221398597968375e-01,  5.030952087349169e-02,  1.265867404112984e+00,  2.519506301437658e-02, -4.763660001372868e-02
  3.420000000000000e+00,  2.936133338167323e-01,  1.174793671534458e-01,  6.094264340227351e-02,  1.249139642708564e+00,  9.119468392103508e-03, -5.009925435797098e-02
  3.430000000000000e+00,  3.197882954992630e-01,  1.129173771439911e-01,  7.210978891378583e-02,  1.226740445560441e+00, -7.841472544333960e-03, -5.232294027599485e-02
  3.440000000000000e+00,  3.438059912878598e-01,  1.084664588026714e-01,  8.364829078741774e-02,  1.198749340686434e+00, -2.555200723341066e-02, -5.414224021819103e-02
  3.450000000000000e+00,  3.654910924231402e-01,  1.041311382648780e-01,  9.538660142783187e-02,  1.165281966388442e+00, -4.379231939684310e-02, -5.539179968469076e-02
  3.460000000000000e+00,  3.846812380642675e-01,  9.991328980938086e-02,  1.071507557979377e-01,  1.126491373477882e+00, -6.223918550900400e-02, -5.591157457390488e-02
  3.470000000000000e+00,  4.012260061705393e-01,  9.581670261690278e-02,  1.187629893087153e-01,  1.082571265152706e+00, -8.050714008191286e-02, -5.552348659655837e-02
  3.480000000000000e+00,  4.149871849803974e-01,  9.185813020797884e-02,  1.300506962709281e-01,  1.033767211504675e+00, -9.809040686209831e-02, -5.407757976315034e-02
  3.490000000000000e+00,  4.258443067474428e-01,  8.807600428477569e-02,  1.408435549939202e-01,  9.803926116228830e-01, -1.144254335501825e-01, -5.143424323381434e-02
  3.500000000000000e+00,  4.337059998040489e-01,  8.454350151181500e-02,  1.509759745275916e-01,  9.228547264340493e-01, -1.289221755282806e-01, -4.747748938173644e-02
  3.510000000000000e+00,  4.385300208143578e-01,  8.138281998334373e-02,  1.602920721796382e-01,  8.616912459451170e-01, -1.410201479595371e-01, -4.212557182707311e-02
  3.520000000000000e+00,  4.403532614875197e-01,  7.877737522077521e-02,  1.686566355504975e-01,  7.976167840120159e-01, -1.502618432869754e-01, -3.534443201292162e-02
  3.530000000000000e+00,  4.393309548983980e-01,  7.697785146800884e-02,  1.759891069991493e-01,  7.315789742271297e-01, -1.563316662955240e-01, -2.719404980077287e-02
  3.540000000000000e+00,  4.357763608766627e-01,  7.628011501534182e-02,  1.822885259797970e-01,  6.647973307715574e-01, -1.591651352805936e-01, -1.783916472501203e-02
  3.550000000000000e+00,  4.301856374836516e-01,  7.697336945740751e-02,  1.876883396590588e-01,  5.987734396132001e-01, -1.589361391203343e-01, -7.617891979387173e-03
  3.560000000000000e+00,  4.232220560576777e-01,  7.924139736238955e-02,  1.924564156282448e-01,  5.352167738960552e-01, -1.560868463962120e-01,  2.964318981176500e-03
  3.570000000000000e+00,  4.156403782560133e-01,  8.305143405485782e-02,  1.969738094532083e-01,  4.758798877716965e-01, -1.512118648658991e-01,  1.325201932973068e-02
  3.580000000000000e+00,  4.081655008557000e-01,  8.808232733221177e-02,  2.015969435898413e-01,  4.223176765968513e-01, -1.450020882106002e-01,  2.258680677855265e-02
  3.590000000000000e+00,  4.013702769722345e-01,  9.375129497438373e-02,  2.065207617636876e-01,  3.756761488113033e-01, -1.381202153557388e-01,  3.045432991253953e-02
  3.600000000000000e+00,  3.956099680054073e-01,  9.933577040880381e-02,  2.116930880679053e-01,  3.365987570539940e-01, -1.311224221984540e-01,  3.659271223516231e-02
  3.610000000000000e+00,  3.910309975940709e-01,  1.041267667397738e-01,  2.168347753879482e-01,  3.052729208253406e-01, -1.244267049841361e-01,  4.100144109601764e-02
  3.620000000000000e+00,  3.876276290919033e-01,  1.075435570523773e-01,  2.215421775879641e-01,  2.815595367303974e-01, -1.183186790343547e-01,  4.386608748526783e-02
  3.630000000000000e+00,  3.853072094865560e-01,  1.091828676993254e-01,  2.254100979020456e-01,  2.651296311879411e-01, -1.129755557285726e-01,  4.545411562624803e-02
  3.640000000000000e+00,  3.839388434712327e-01,  1.088173764114186e-01,  2.281264224488357e-01,  2.555626199405074e-01, -1.084932369770654e-01,  4.602862360102499e-02
  3.650000000000000e+00,  3.833783197050750e-01,  1.063713119888059e-01,  2.295212772101257e-01,  2.523961011186044e-01, -1.049093077354788e-01,  4.579867939380871e-02
  3.660000000000000e+00,  3.834722561067709e-01,  1.018934131822820e-01,  2.295752180900875e-01,  2.551361415016341e-01, -1.022200783225451e-01,  4.490404397006693e-02
  3.670000000000000e+00,  3.840480449000032e-01,  9.553503705425026e-02,  2.283980247509772e-01,  2.632421201132495e-01, -1.003924017947131e-01,  4.342428749557148e-02
  3.680000000000000e+00,  3.848972764943749e-01,  8.753211858456678e-02,  2.261891271045327e-01,  2.760998095707304e-01, -9.937210280631469e-02,  4.140203068739960e-02
  3.690000000000000e+00,  3.857608011434145e-01,  7.818589353206074e-02,  2.231890683337382e-01,  2.929954682130971e-01, -9.909125879455233e-02,  3.887147565379021e-02
  3.700000000000000e+00,  3.863231759631222e-01,  6.783819020309578e-02,  2.196311164681397e-01,  3.131029024980659e-01, -9.947627072421188e-02,  3.588427567419009e-02
  3.710000000000000e+00,  3.862218756953144e-01,  5.684109024853545e-02,  2.157022166526944e-01,  3.354929236722048e-01, -1.004574612031022e-01,  3.252586003344699e-02
  3.720000000000000e+00,  3.850719397580556e-01,  4.552539544177114e-02,  2.115206582274772e-01,  3.591686739752037e-01, -1.019790978071169e-01,  2.891815010739577e-02
  3.730000000000000e+00,  3.825009867414572e-01,  3.417478679678210e-02,  2.071330690981846e-01,  3.831217090851848e-01, -1.040071833990317e-01,  2.520932452436386e-02
  3.740000000000000e+00,  3.781854234681685e-01,  2.301121554958963e-02,  2.025273150876407e-01,  4.063961808015755e-01, -1.065321738882051e-01,  2.155587959892783e-02
  3.750000000000000e+00,  3.718784467299956e-01,  1.219288008792585e-02,  1.976537694285318e-01,  4.281460682890504e-01, -1.095653069415943e-01,  1.810410474361576e-02
  3.760000000000000e+00,  3.634240352143152e-01,  1.821925876809516e-03,  1.924470987111152e-01,  4.476742235033400e-01, -1.131295973324643e-01,  1.497651955075034e-02
  3.770000000000000e+00,  3.527562749956392e-01, -8.042930901353440e-03,  1.868433630569827e-01,  4.644492489930637e-01, -1.172483687071923e-01,  1.226540289367054e-02
  3.780000000000000e+00,  3.398874297593684e-01, -1.737303747793439e-02,  1.807906150618691e-01,  4.781028402397286e-01, -1.219345740180918e-01,  1.003252648295882e-02
  3.790000000000000e+00,  3.248899123845170e-01, -2.615798262604452e-02,  1.742536375590021e-01,  4.884137744451234e-01, -1.271832496843421e-01,  8.312755255256907e-03
  3.800000000000000e+00,  3.078770470041561e-01, -3.439584967325504e-02,  1.672145898005825e-01,  4.952851905157765e-01, -1.329680213456057e-01,  7.119152364170414e-03
  3.810000000000000e+00,  2.889862054982094e-01, -4.208516570928977e-02,  1.596715106718528e-01,  4.987204556449590e-01, -1.392413646613571e-01,  6.447915637707994e-03
  3.820000000000000e+00,  2.683663812301587e-01, -4.921809727047721e-02,  1.516363305747211e-01,  4.988010384770409e-01, -1.459376597141443e-01,  6.282266370224000e-03
  3.830000000000000e+00,  2.461709279404397e-01, -5.577485076845323e-02,  1.431335544373240e-01,  4.956681438367108e-01, -1.529779308854611e-01,  6.595017819671443e-03
  3.840000000000000e+00,  2.225551423206655e-01, -6.171971956804212e-02,  1.342002128507822e-01,  4.895086421274255e-01, -1.602753313222138e-01,  7.349918197806679e-03
  3.850000000000000e+00,  1.976775957709696e-01, -6.699948624910479e-02,  1.248870944889451e-01,  4.805450186654747e-01, -1.677407024037255e-01,  8.502048423560777e-03
  3.860000000000000e+00,  1.717096062656454e-01, -7.154418460908074e-02,  1.152574784546108e-01,  4.690322675874520e-01, -1.752887797776462e-01,  9.995886943382449e-03
  3.870000000000000e+00,  1.448091678252752e-01, -7.527478908861363e-02,  1.054052916353158e-01,  4.552348636967683e-01, -1.828377442574951e-01,  1.177367701795090e-02
  3.880000000000000e+00,  1.171833295937891e-01, -7.810440901509708e-02,  9.542310978554043e-02,  4.394602528321547e-01, -1.903229693591892e-01,  1.375778147130570e-02
  3.890000000000000e+00,  8.902831292023029e-02, -7.995377824211891e-02,  8.543319814500487e-02,  4.220186621221579e-01, -1.976896762231690e-01,  1.586862716134258e-02
  3.900000000000000e+00,  6.055615957371645e-02, -8.075793924752150e-02,  7.556678682329721e-02,  4.032377031251191e-01, -2.048994400165399e-01,  1.801737979257702e-02
  3.910000000000000e+00,  3.198202351578058e-02, -8.047546748515333e-02,  6.596028320944194e-02,  3.834537924226243e-01, -2.119293277306794e-01,  2.011016277045469e-02
  3.920000000000000e+00,  3.516264702650950e-03, -7.909606774566380e-02,  5.674429271082806e-02,  3.630065409371008e-01, -2.187709529940227e-01,  2.205235175993929e-02
  3.930000000000000e+00, -2.464760959801136e-02, -7.664294800912597e-02,  4.803407063612180e-02,  3.422318818603916e-01, -2.254278037462186e-01,  2.375264318607768e-02
  3.940000000000000e+00, -5.234223939465769e-02, -7.317417387416980e-02,  3.991721151898536e-02,  3.214557639318112e-01, -2.319119679161430e-01,  2.512868207380824e-02
  3.950000000000000e+00, -7.943587352452518e-02, -6.878039723514484e-02,  3.244416931394266e-02,  3.009881043125245e-01, -2.382398092306833e-01,  2.611190938872617e-02
  3.960000000000000e+00, -1.058390680160479e-01, -6.358120949962309e-02,  2.562130165069734e-02,  2.811180784870944e-01, -2.444271689913821e-01,  2.665154524166717e-02
  3.970000000000000e+00, -1.315078516835921e-01, -5.772123949526353e-02,  1.940756178240440e-02,  2.621112099994125e-01, -2.504843480815038e-01,  2.671706398853129e-02
  3.980000000000000e+00, -1.564426924780644e-01, -5.136782861909905e-02,  1.371473707407188e-02,  2.442085724079446e-01, -2.564112483964066e-01,  2.629899052647887e-02
  3.990000000000000e+00, -1.806819916213656e-01, -4.470975005184763e-02,  8.411588948504196e-03,  2.276284211633219e-01, -2.621927859321745e-01,  2.540806506910310e-02
  4.000000000000000e+00, -2.042893461274116e-01, -3.795760556242489e-02,  3.330792608120448e-03,  2.125704903169284e-01, -2.677949642917308e-01,  2.407339606433963e-02
  4.010000000000000e+00, -2.273352601202535e-01, -3.134274073897059e-02, -1.721719411556333e-03,  1.992226164283543e-01, -2.731617389774375e-01,  2.233986729023323e-02
  4.020000000000000e+00, -2.498724330834025e-01, -2.510837092347229e-02, -6.953344659319434e-03,  1.877700090248239e-01, -2.782124394762008e-01,  2.026505310330978e-02
  4.029999999999999e+00, -2.719086811781885e-01, -1.948736875032830e-02, -1.256651691612425e-02,  1.784059533759887e-01, -2.828397025267755e-01,  1.791525421735905e-02
  4.040000000000000e+00, -2.933819832521211e-01, -1.466290054570041e-02, -1.873408393037181e-02,  1.713424134366280e-01, -2.869074883882025e-01,  1.536021491634702e-02
  4.050000000000000e+00, -3.141476020904168e-01, -1.072041673559898e-02, -2.556764875935807e-02,  1.668171521025747e-01, -2.902495343655179e-01,  1.266442021889051e-02
  4.060000000000000e+00, -3.339762281510352e-01, -7.606894928610775e-03, -3.308981819905233e-02,  1.650966165834098e-01, -2.926678573896066e-01,  9.878805036373438e-03
  4.069999999999999e+00, -3.525729717818689e-01, -5.131356518394581e-03, -4.121636637370657e-02,  1.664704369169683e-01, -2.939332438157899e-01,  7.030679960889272e-03
  4.080000000000000e+00, -3.696048145946402e-01, -3.007880531209262e-03, -4.975789725593682e-02,  1.712413258658499e-01, -2.937878773359640e-01,  4.115424292940243e-03
  4.090000000000000e+00, -3.847222918856423e-01, -9.342677845252112e-04, -5.844609750794261e-02,  1.797179869995429e-01, -2.919526946503547e-01,  1.092312781508772e-03
  4.100000000000000e+00, -3.976160443609350e-01,  1.371025032909756e-03, -6.692806806087229e-02,  1.921789521606297e-01, -2.881262518963574e-01, -2.128155441159151e-03
  4.109999999999999e+00, -4.079872502438541e-01,  4.093208304628781e-03, -7.483782120517794e-02,  2.088914680124778e-01, -2.820080671731621e-01, -5.668225552812808e-03
  4.119999999999999e+00, -4.155578464945547e-01,  7.327784093715595e-03, -8.180542638056945e-02,  2.300968817494572e-01, -2.733063159277053e-01, -9.681828393529922e-03
  4.130000000000000e+00, -4.201291306712974e-01,  1.114812053664105e-02, -8.745056581171118e-02,  2.559529717482793e-01, -2.617503232287019e-01, -1.433421370500852e-02
  4.140000000000001e+00, -4.215291120845537e-01,  1.559056857152807e-02, -9.146277933202480e-02,  2.865506746900823e-01, -2.471273130514342e-01, -1.975654990343720e-02
  4.150000000000000e+00, -4.196277010663038e-01,  2.068501917605192e-02, -9.363299948747635e-02,  3.218709483848320e-01, -2.292905464782750e-01, -2.601263700142390e-02
  4.160000000000000e+00, -4.143885495296312e-01,  2.648701494710415e-02, -9.390127729689636e-02,  3.617346581735680e-01, -2.082201644201405e-01, -3.303994253973587e-02
  4.170000000000000e+00, -4.058623541316209e-01,  3.304347167837585e-02, -9.239724644870302e-02,  4.057902500593281e-01, -1.840545354341193e-01, -4.063167989032387e-02
  4.180000000000000e+00, -3.942053766808640e-01,  4.036737294869197e-02, -8.943628793246430e-02,  4.535091578733609e-01, -1.571352920026955e-01, -4.844619997997652e-02
  4.190000000000000e+00, -3.796731224156475e-01,  4.840524785949696e-02, -8.547371815180460e-02,  5.042170793208810e-01, -1.280351210211627e-01, -5.605760059658146e-02
  4.199999999999999e+00, -3.625925159828307e-01,  5.701801286287567e-02, -8.102665322193656e-02,  5.571520869069059e-01, -9.755371619441693e-02, -6.303173465842130e-02
  4.210000000000000e+00, -3.433196036590987e-01,  6.598424048855711e-02, -7.658816678805300e-02,  6.115319493381108e-01, -6.666953822876151e-02, -6.900240666391891e-02
  4.220000000000000e+00, -3.221960533926347e-01,  7.502438680807821e-02, -7.255756531506014e-02,  6.666110010370897e-01, -3.644902222984650e-02, -7.372501894285864e-02
  4.230000000000000e+00, -2.995165179808730e-01,  8.383674718992995e-02, -6.919964133272621e-02,  7.217146096970577e-01, -7.931734509230962e-03, -7.709681682632503e-02
  4.240000000000000e+00, -2.755127384351943e-01,  9.213407596087442e-02, -6.663375353033503e-02,  7.762499555772139e-01,  1.797992008283865e-02, -7.914571615286459e-02
  4.250000000000000e+00, -2.503537017936895e-01,  9.967256452698114e-02, -6.484605784393878e-02,  8.296993081317826e-01,  4.060028870501224e-02, -7.999800621425676e-02
  4.260000000000000e+00, -2.241581516321637e-01,  1.062677722211280e-01, -6.371645203826849e-02,  8.816057407666509e-01,  5.947933284698987e-02, -7.982455628270396e-02
  4.270000000000000e+00, -1.970075270206004e-01,  1.118069732957669e-01, -6.304595357721134e-02,  9.315510127998784e-01,  7.446200214421479e-02, -7.885545170561391e-02
  4.279999999999999e+00, -1.689708246678170e-01,  1.162374981904886e-01, -6.259249824777233e-02,  9.791480181362383e-01,  8.555616300513717e-02, -7.727616714904288e-02
  4.290000000000000e+00, -1.401158486494764e-01,  1.195646081460744e-01, -6.209180758432785e-02,  1.024027413083469e+00,  9.294348219736667e-02, -7.525953615885247e-02
  4.300000000000000e+00, -1.105230408406296e-01,  1.218396913308024e-01, -6.127767925254544e-02,  1.065833656347587e+00,  9.691296963044302e-02, -7.294842653801344e-02
  4.310000000000000e+00, -8.029411954669607e-02,  1.231492865343866e-01, -5.989607701124666e-02,  1.104224106895734e+00,  9.781460757079578e-02, -7.045685326181209e-02
  4.320000000000000e+00, -4.955689629437049e-02,  1.236044806281642e-01, -5.771538460666537e-02,  1.138870895714149e+00,  9.602196836909024e-02, -6.787487000328157e-02
  4.330000000000000e+00, -1.846639185128092e-02,  1.233316286060264e-01, -5.453411452219752e-02,  1.169463411343758e+00,  9.191335113376546e-02, -6.528246435554849e-02
  4.340000000000000e+00,  1.279602356640400e-02,  1.224604178476669e-01, -5.018652171297378e-02,  1.195717712435057e+00,  8.581362258713066e-02, -6.272194873073765e-02
  4.350000000000000e+00,  4.402811923256364e-02,  1.211199276257631e-01, -4.454746539714076e-02,  1.217373675701177e+00,  7.804229478459146e-02, -6.025413595339971e-02
  4.359999999999999e+00,  7.501200592523827e-02,  1.194281003733297e-01, -3.753514986056529e-02,  1.234204997444809e+00,  6.886340003683723e-02, -5.792392493470609e-02
  4.369999999999999e+00,  1.055215130956183e-01,  1.174866236920726e-01, -2.911261719256123e-02,  1.246021683254277e+00,  5.849367643033742e-02, -5.577042257324150e-02
  4.380000000000000e+00,  1.353296252786870e-01,  1.153766624752124e-01, -1.928749457054521e-02,  1.252672923686772e+00,  4.710321101434108e-02, -5.382610056768894e-02
  4.390000000000001e+00,  1.642154091546741e-01,  1.131565272358048e-01, -8.110048551359000e-03,  1.254048708525174e+00,  3.481934230926239e-02, -5.211490712862311e-02
  4.400000000000000e+00,  1.919697540397269e-01,  1.108613231015139e-01,  4.330286706275149e-03,  1.250080077071943e+00,  2.173367019467453e-02, -5.064969162698130e-02
  4.410000000000000e+00,  2.183994402645048e-01,  1.085044207398591e-01,  1.790958257871894e-02,  1.240738057868937e+00,  7.912145539663084e-03, -4.942929230646864e-02
  4.420000000000000e+00,  2.433292894920193e-01,  1.060804321419315e-01,  3.247484840200748e-02,  1.226031522687071e+00, -6.591801400861683e-03, -4.843562999622211e-02
  4.430000000000000e+00,  2.666024044506823e-01,  1.035693009508682e-01,  4.784971724418127e-02,  1.206004358060117e+00, -2.172131741234830e-02, -4.763114423226574e-02
  4.440000000000000e+00,  2.880786239581850e-01,  1.009403529573460e-01,  6.383900083406764e-02,  1.180732647762546e+00, -3.741129856918189e-02, -4.694812846623558e-02
  4.449999999999999e+00,  3.076324579938733e-01,  9.816052446203805e-02,  8.023630944118348e-02,  1.150321773786614e+00, -5.352163927180428e-02, -4.631998587557084e-02
  4.460000000000000e+00,  3.251490672530131e-01,  9.519618102396921e-02,  9.682380252100641e-02,  1.114906874926685e+00, -6.988258324417153e-02, -4.563729063264737e-02
  4.470000000000000e+00,  3.405222028562392e-01,  9.202198952911922e-02,  1.133766987647050e-01,  1.074654230473540e+00, -8.624132722088144e-02, -4.477628710018720e-02
  4.480000000000000e+00,  3.536528293722978e-01,  8.862774174403576e-02,  1.296635890329019e-01,  1.029767673775033e+00, -1.022637383454105e-01, -4.359504019032347e-02
  4.490000000000000e+00,  3.644508201518626e-01,  8.502734468657658e-02,  1.454463053215966e-01,  9.805004282307010e-01, -1.175385266317174e-01, -4.193700395098895e-02
  4.500000000000000e+00,  3.728411656375486e-01,  8.126996555968824e-02,  1.604799464019122e-01,  9.271742094640051e-01, -1.315961466703970e-01, -3.963605352786304e-02
  4.510000000000000e+00,  3.787764174498262e-01,  7.745343086834655e-02,  1.745153474545309e-01,  8.702071457398469e-01, -1.439441440899660e-01, -3.652422882233571e-02
  4.520000000000000e+00,  3.822567834570722e-01,  7.373858670791678e-02,  1.873078197125417e-01,  8.101512628825677e-01, -1.541179100181658e-01, -3.244485511284785e-02
  4.529999999999999e+00,  3.833580112781274e-01,  7.036044371496231e-02,  1.986372671287617e-01,  7.477378121919377e-01, -1.617420942946667e-01, -2.727510768447444e-02
  4.540000000000000e+00,  3.822640948533740e-01,  6.762740824238911e-02,  2.083439997176017e-01,  6.839231427604632e-01, -1.665935313167952e-01, -2.096181512886220e-02
  4.550000000000000e+00,  3.792968641525262e-01,  6.589638860003122e-02,  2.163793774951613e-01,  6.199188312331192e-01, -1.686477858564890e-01, -1.357057004278142e-02
  4.560000000000000e+00,  3.749230944575904e-01,  6.550560664308280e-02,  2.228502338758383e-01,  5.571740324311832e-01, -1.681209123675499e-01, -5.326827205614868e-03
  4.570000000000000e+00,  3.697284614135538e-01,  6.668037907127755e-02,  2.280407842237872e-01,  4.972895032715692e-01, -1.654132239693309e-01,  3.358061899124935e-03
  4.580000000000000e+00,  3.643402040724576e-01,  6.942593022604537e-02,  2.323537226019280e-01,  4.418431784984945e-01, -1.610723137976853e-01,  1.194237211958799e-02
  4.590000000000000e+00,  3.593228660100461e-01,  7.347398583620479e-02,  2.361905425100359e-01,  3.921801850791150e-01, -1.556895347897755e-01,  1.986587122159683e-02
  4.600000000000000e+00,  3.550882859766972e-01,  7.831945493582460e-02,  2.398137814875375e-01,  3.492470140944900e-01, -1.498108356837450e-01,  2.668735154000147e-02
  4.609999999999999e+00,  3.518593565914032e-01,  8.333474361088400e-02,  2.432679257536549e-01,  3.135387626515238e-01, -1.438805163910944e-01,  3.217473485154263e-02
  4.620000000000000e+00,  3.496924791053327e-01,  8.790239692746549e-02,  2.463943162202175e-01,  2.851600139226042e-01, -1.382246343363087e-01,  3.630991117662983e-02
  4.630000000000000e+00,  3.485323862428896e-01,  9.151055180389056e-02,  2.489148426800351e-01,  2.639436551299231e-01, -1.330622339448905e-01,  3.922635964794947e-02
  4.640000000000000e+00,  3.482681094032897e-01,  9.379334738724587e-02,  2.505330745742579e-01,  2.495668546604134e-01, -1.285280082115739e-01,  4.112508439762087e-02
  4.650000000000000e+00,  3.487721784810809e-01,  9.452973520763064e-02,  2.510149389975652e-01,  2.416314224779772e-01, -1.246952145440693e-01,  4.220497039260485e-02
  4.660000000000000e+00,  3.499190857789803e-01,  9.362286840867728e-02,  2.502355797692012e-01,  2.397033864981410e-01, -1.215941673367379e-01,  4.262165291105755e-02
  4.670000000000000e+00,  3.515863300362214e-01,  9.107633935402926e-02,  2.481945501876918e-01,  2.433203591473115e-01, -1.192256086680201e-01,  4.247356410952161e-02
  4.680000000000000e+00,  3.536436015000567e-01,  8.697433955095035e-02,  2.450062510708624e-01,  2.519784811046454e-01, -1.175699538349925e-01,  4.180807026879695e-02
  4.690000000000000e+00,  3.559361630544916e-01,  8.146596339978007e-02,  2.408723422732408e-01,  2.651100545977907e-01, -1.165939807135557e-01,  4.064011944298995e-02
  4.700000000000000e+00,  3.582688323548628e-01,  7.475061850091569e-02,  2.360425041721633e-01,  2.820621207826939e-01, -1.162566147180839e-01,  3.897644327655402e-02
  4.709999999999999e+00,  3.603969622434406e-01,  6.706149382722959e-02,  2.307708837744807e-01,  3.020855795832090e-01, -1.165150989434952e-01,  3.683862226143725e-02
  4.720000000000000e+00,  3.620294126181003e-01,  5.864630745290778e-02,  2.252767401914439e-01,  3.243425343213207e-01, -1.173319139939275e-01,  3.427888539280222e-02
  4.730000000000000e+00,  3.628451062156317e-01,  4.974747910660415e-02,  2.197171851913461e-01,  3.479349829876040e-01, -1.186815087764423e-01,  3.138463257114685e-02
  4.740000000000000e+00,  3.625201403696087e-01,  4.058552398946835e-02,  2.141764552729649e-01,  3.719512334766549e-01, -1.205548710188571e-01,  2.827153803425382e-02
  4.750000000000000e+00,  3.607586256074076e-01,  3.134877955074256e-02,  2.086709763355180e-01,  3.955202198836495e-01, -1.229599532054059e-01,  2.506914560545334e-02
  4.760000000000000e+00,  3.573194030920959e-01,  2.219021227895190e-02,  2.031651678724410e-01,  4.178614945265786e-01, -1.259171775360322e-01,  2.190487854295547e-02
  4.770000000000000e+00,  3.520329241960592e-01,  1.322974680406119e-02,  1.975914071979343e-01,  4.383212053596630e-01, -1.294510421527827e-01,  1.889146248183011e-02
  4.780000000000000e+00,  3.448063961080022e-01,  4.559575834062857e-03,  1.918687648867691e-01,  4.563899656781699e-01, -1.335802182801164e-01,  1.612002251467796e-02
  4.789999999999999e+00,  3.356187622846842e-01, -3.749751921736877e-03,  1.859175474596098e-01,  4.717039995924314e-01, -1.383088073391752e-01,  1.365847726334613e-02
  4.800000000000000e+00,  3.245089660308292e-01, -1.164374425433734e-02,  1.796688927323928e-01,  4.840341598946385e-01, -1.436206898788339e-01,  1.155346094277471e-02
  4.810000000000000e+00,  3.115612080473679e-01, -1.907929819225163e-02,  1.730700260065930e-01,  4.932681097503168e-01, -1.494777044416854e-01,  9.833849793398824e-03
  4.820000000000000e+00,  2.968901982143202e-01, -2.602084995413545e-02,  1.660863536850869e-01,  4.993900572957338e-01, -1.558213237737011e-01,  8.514471635679787e-03
  4.830000000000000e+00,  2.806283877119315e-01, -3.243706357837950e-02,  1.587016377530956e-01,  5.024609925523027e-01, -1.625768571122631e-01,  7.599207571054502e-03
  4.840000000000000e+00,  2.629162382008594e-01, -3.829786438140070e-02,  1.509173096298599e-01,  5.026010615311861e-01, -1.696590229090834e-01,  7.083192529055905e-03
  4.850000000000000e+00,  2.438958595707436e-01, -4.357184882718523e-02,  1.427516848621923e-01,  4.999747610638335e-01, -1.769778683601007e-01,  6.954132144837739e-03
  4.859999999999999e+00,  2.237078089749252e-01, -4.822433980163865e-02,  1.342394972368869e-01,  4.947790389872373e-01, -1.844442906882902e-01,  7.192912667037067e-03
  4.869999999999999e+00,  2.024904488198218e-01, -5.221649343472157e-02,  1.254318237010743e-01,  4.872340416385580e-01, -1.919747097081677e-01,  7.773741173484909e-03
  4.880000000000000e+00,  1.803809941694975e-01, -5.550583412267063e-02,  1.163961638213469e-01,  4.775760718955135e-01, -1.994946795134691e-01,  8.664058871390356e-03
  4.890000000000001e+00,  1.575172531769065e-01, -5.804839615536794e-02,  1.072162184133717e-01,  4.660522464797410e-01, -2.069413860267316e-01,  9.824449491286686e-03
  4.900000000000000e+00,  1.340390947455048e-01, -5.980234261333250e-02,  9.799082263942330e-02,  4.529163402779651e-01, -2.142650649199684e-01,  1.120873326735179e-02
  4.910000000000000e+00,  1.100888617103477e-01, -6.073261136221131e-02,  8.883154648850185e-02,  4.384253633512042e-01, -2.214294143598682e-01,  1.276439968581729e-02
  4.920000000000000e+00,  8.581024800493779e-02, -6.081590240015378e-02,  7.985866516278391e-02,  4.228365213798650e-01, -2.284110945457476e-01,  1.443348657236670e-02
  4.930000000000000e+00,  6.134550964299188e-02, -6.004523928000571e-02,  7.119547897093721e-02,  4.064043455970638e-01, -2.351984197657916e-01,  1.615395410146253e-02
  4.940000000000000e+00,  3.683110928157214e-02, -5.843327148002264e-02,  6.296132153315993e-02,  3.893779333196852e-01, -2.417893599309255e-01,  1.786145879010163e-02
  4.949999999999999e+00,  1.239285027890688e-02, -5.601486738420713e-02,  5.526346105309678e-02,  3.719982786305231e-01, -2.481890390048496e-01,  1.949183676368981e-02
  4.960000000000000e+00, -1.186043624696933e-02, -5.284650435535121e-02,  4.818941907081380e-02,  3.544960059642193e-01, -2.544067990226616e-01,  2.098308983704184e-02
  4.970000000000001e+00, -3.584184990375501e-02, -4.900588765627001e-02,  4.179942790443329e-02,  3.370894938477323e-01, -2.604531249461643e-01,  2.227799845657587e-02
  4.980000000000000e+00, -5.949098973764134e-02, -4.459013299768300e-02,  3.612044816583670e-02,  3.199837025461886e-01, -2.663365210388919e-01,  2.332615791046618e-02
  4.990000000000000e+00, -8.277671503822862e-02, -3.971424280579061e-02,  3.114194140562503e-02,  3.033698395147076e-01, -2.720605242741520e-01,  2.408569109973000e-02
  5.000000000000000e+00, -1.056973853471969e-01, -3.451056845768230e-02,  2.681369627889812e-02,  2.874260340330099e-01, -2.776209752427503e-01,  2.452455561618131e-02
  5.010000000000000e+00, -1.282776080972565e-01, -2.912972802100611e-02,  2.304576249334278e-02,  2.723192032653518e-01, -2.830036273557773e-01,  2.462155150768228e-02
  5.020000000000000e+00, -1.505604393769900e-01, -2.374252432011903e-02,  1.971050041830951e-02,  2.582083243075323e-01, -2.881821099685048e-01,  2.436720140514534e-02
  5.029999999999999e+00, -1.725941840161616e-01, -1.854075985907877e-02,  1.664698014995349e-02,  2.452493267805396e-01, -2.931161644857312e-01,  2.376459945542644e-02
  5.040000000000000e+00, -1.944137616601872e-01, -1.373262912122408e-02,  1.366851752861738e-02,  2.336016851472822e-01, -2.977499431682483e-01,  2.283004902741805e-02
  5.050000000000000e+00, -2.160183426778112e-01, -9.526646657918025e-03,  1.057481943837934e-02,  2.234363793114502e-01, -3.020100352490322e-01,  2.159286962532347e-02
  5.060000000000000e+00, -2.373492827660787e-01, -6.098604598313795e-03,  7.170461243685545e-03,  2.149442098412805e-01, -3.058028356696997e-01,  2.009336964533304e-02
  5.070000000000000e+00, -2.582758129894390e-01, -3.548903304869233e-03,  3.288500259351527e-03,  2.083418801169820e-01, -3.090113712984878e-01,  1.837853460927087e-02
  5.080000000000000e+00, -2.785921752207480e-01, -1.851457329000050e-03, -1.180953305325049e-03,  2.038749715507082e-01, -3.114916238857278e-01,  1.649402951323194e-02
  5.090000000000000e+00, -2.980314923690517e-01, -8.393984868255711e-04, -6.271377539706110e-03,  2.018136691021516e-01, -3.130699476955225e-01,  1.447679756458498e-02
  5.100000000000000e+00, -3.162902235382631e-01, -2.280132561964798e-04, -1.193213429943166e-02,  2.024435656784102e-01, -3.135422430727370e-01,  1.234720482692560e-02
  5.109999999999999e+00, -3.330484039563685e-01,  3.165585689304251e-04, -1.804269026233991e-02,  2.060589075118996e-01, -3.126785265023122e-01,  1.010523419293595e-02
  5.120000000000000e+00, -3.480238696901223e-01,  1.130782965969024e-03, -2.440439997808087e-02,  2.129267535747503e-01, -3.102140968556485e-01,  7.714999611231488e-03
  5.130000000000000e+00, -3.609401083523720e-01,  2.457595612361585e-03, -3.079866584301911e-02,  2.233100656294437e-01, -3.058728470358341e-01,  5.117428329734755e-03
  5.140000000000000e+00, -3.715659079865278e-01,  4.450791860235892e-03, -3.697388412968833e-02,  2.374364687995968e-01, -2.993623435488789e-01,  2.217027500714264e-03
  5.150000000000000e+00, -3.797087285849816e-01,  7.173831606700265e-03, -4.266406978573146e-02,  2.554951714446644e-01, -2.903867178363606e-01, -1.110854646791864e-03
  5.160000000000000e+00, -3.852133964736580e-01,  1.062280678982797e-02, -4.760294339830599e-02,  2.776270035783405e-01, -2.786607852689030e-01, -5.007277932715883e-03
  5.170000000000000e+00, -3.879611992483511e-01,  1.475540102325645e-02, -5.154499571985008e-02,  3.039107864722126e-01, -2.639295621571074e-01, -9.606725008117418e-03
  5.180000000000000e+00, -3.878720604349665e-01,  1.951691125579202e-02, -5.429481448634581e-02,  3.343450199667953e-01, -2.459942600690173e-01, -1.500519277567386e-02
  5.190000000000000e+00, -3.849110165502224e-01,  2.485718783485757e-02, -5.574063993866292e-02,  3.688264419219454e-01, -2.247453273419108e-01, -2.122499458913189e-02
  5.199999999999999e+00, -3.791050974002115e-01,  3.073595007574914e-02, -5.588827080239551e-02,  4.071263133825533e-01, -2.002094179724588e-01, -2.818032363236340e-02
  5.210000000000000e+00, -3.705237668128040e-01,  3.711131652561783e-02, -5.485333761707875e-02,  4.488967389929504e-01, -1.725635291908771e-01, -3.568620182009571e-02
  5.220000000000000e+00, -3.593185429196927e-01,  4.393336941735826e-02, -5.287370712514423e-02,  4.936553144968803e-01, -1.422052071142123e-01, -4.345042924747698e-02
  5.230000000000000e+00, -3.456886008223450e-01,  5.112215945331067e-02, -5.025794549861826e-02,  5.408263675328070e-01, -1.097504630745956e-01, -5.112668356742947e-02
  5.240000000000000e+00, -3.298663394830748e-01,  5.856048823117965e-02, -4.733791733318403e-02,  5.897777676778182e-01, -7.602433399616243e-02, -5.836607034283452e-02
  5.250000000000000e+00, -3.120915575034096e-01,  6.609434873979358e-02, -4.441822059982932e-02,  6.398649571407024e-01, -4.200907894925532e-02, -6.487018607874409e-02
  5.260000000000000e+00, -2.925874167032073e-01,  7.354276983910135e-02, -4.173723787109905e-02,  6.904676846047533e-01, -8.758425563915482e-03, -7.042910924422617e-02
  5.270000000000000e+00, -2.715440414532972e-01,  8.071408988389406e-02, -3.944518439897602e-02,  7.410128261465998e-01,  2.270539764796833e-02, -7.493690226410404e-02
  5.279999999999999e+00, -2.491121879454228e-01,  8.742446028458506e-02, -3.759882648928683e-02,  7.909824222645738e-01,  5.148829794587099e-02, -7.838484848929991e-02
  5.290000000000000e+00, -2.254060758287602e-01,  9.351453514171215e-02, -3.616917020495833e-02,  8.399104191840508e-01,  7.689374282569236e-02, -8.083861623321816e-02
  5.300000000000000e+00, -2.005127411817524e-01,  9.885968030730452e-02, -3.505792545413485e-02,  8.873751302089217e-01,  9.843695864988444e-02, -8.239446567641384e-02
  5.310000000000000e+00, -1.745030508364506e-01,  1.033833545446448e-01, -3.411358900930003e-02,  9.329817426469187e-01,  1.159089845119229e-01, -8.320462079471774e-02
  5.320000000000000e+00, -1.474460065041729e-01,  1.070477874426674e-01, -3.315506539291910e-02,  9.763629485274650e-01,  1.292474956421578e-01, -8.337812254689136e-02
  5.330000000000000e+00, -1.194181951776438e-01,  1.098577406080887e-01, -3.198487077536433e-02,  1.017167190908770e+00,  1.385566549558589e-01, -8.301768905189841e-02
  5.340000000000000e+00, -9.051278009012567e-02,  1.118537826326202e-01, -3.040342252506775e-02,  1.055057278495642e+00,  1.440469696013062e-01, -8.220423469552034e-02
  5.350000000000000e+00, -6.084538980713413e-02,  1.131059986214640e-01, -2.821971658612622e-02,  1.089710286324782e+00,  1.459947095442889e-01, -8.099904010579455e-02
  5.359999999999999e+00, -3.055731433435872e-02,  1.137071802478367e-01, -2.525991973767400e-02,  1.120819331809501e+00,  1.447092256801646e-01, -7.944924577315199e-02
  5.370000000000000e+00,  1.838390875533157e-04,  1.137657460928285e-01, -2.137449558478042e-02,  1.148096515346826e+00,  1.405087829417471e-01, -7.759433342925798e-02
  5.380000000000000e+00,  3.118571003907358e-02,  1.133995699135939e-01, -1.644441661294092e-02,  1.171275083331485e+00,  1.337160159648727e-01, -7.548220844282538e-02
  5.390000000000000e+00,  6.223505376024060e-02,  1.127242679775249e-01, -1.038502535850257e-02,  1.190118731812666e+00,  1.245985213150762e-01, -7.313087685895685e-02
  5.400000000000000e+00,  9.310227857442140e-02,  1.118532811669370e-01, -3.151007054364106e-03,  1.204416070339550e+00,  1.134408223341210e-01, -7.059685333292492e-02
  5.410000000000000e+00,  1.235478365503028e-01,  1.108867080589624e-01,  5.262804150391044e-03,  1.213989744939779e+00,  1.004898090148023e-01, -6.792942466501779e-02
  5.420000000000000e+00,  1.533284789414485e-01,  1.099075399652429e-01,  1.482120695123077e-02,  1.218696972561893e+00,  8.597032468860707e-02, -6.518084716678486e-02
  5.430000000000000e+00,  1.822033800406046e-01,  1.089781621001498e-01,  2.545053465311031e-02,  1.218430880603761e+00,  7.008923524670588e-02, -6.240323561751804e-02
  5.440000000000000e+00,  2.099394906331552e-01,  1.081386413232646e-01,  3.704227792874283e-02,  1.213121003176419e+00,  5.304133478315440e-02, -5.964443320129876e-02
  5.450000000000000e+00,  2.363157033502941e-01,  1.074068326104396e-01,  4.945810508969590e-02,  1.202733013374757e+00,  3.501677155370482e-02, -5.694334159207613e-02
  5.460000000000000e+00,  2.611255736327481e-01,  1.067801527161716e-01,  6.253584062144446e-02,  1.187267876673390e+00,  1.620972638310397e-02, -5.432521260121655e-02
  5.470000000000000e+00,  2.841785729914083e-01,  1.062380607322349e-01,  7.609530167049945e-02,  1.166761064065961e+00, -3.187098853276480e-03, -5.178729148113741e-02
  5.480000000000000e+00,  3.052997840358614e-01,  1.057488541565603e-01,  8.994678679059627e-02,  1.141280007385401e+00, -2.291567555519024e-02, -4.933432225035247e-02
  5.490000000000000e+00,  3.243288649160561e-01,  1.052709184764147e-01,  1.038943860468542e-01,  1.110926147810717e+00, -4.272329402611927e-02, -4.692094042268458e-02
  5.500000000000000e+00,  3.411183306293130e-01,  1.047606099922811e-01,  1.177427155118773e-01,  1.075834142586197e+00, -6.230442594611284e-02, -4.448666927092794e-02
  5.510000000000000e+00,  3.555321898487914e-01,  1.041776056243482e-01,  1.313007316450666e-01,  1.036175104843527e+00, -8.130924626348554e-02, -4.194849441356508e-02
  5.520000000000000e+00,  3.674458220685691e-01,  1.034913419058641e-01,  1.443848666364780e-01,  9.921621514098150e-01, -9.934612959687564e-02, -3.920365247563421e-02
  5.530000000000000e+00,  3.767482474650728e-01,  1.026880957175407e-01,  1.568214265670245e-01,  9.440595249261268e-01, -1.159921836503870e-01, -3.613409814300367e-02
  5.539999999999999e+00,  3.833480561454955e-01,  1.017787656866502e-01,  1.684490197326396e-01,  8.921961075558846e-01, -1.308130493242791e-01, -3.261290433606361e-02
  5.550000000000000e+00,  3.871842143688670e-01,  1.008070087489437e-01,  1.791224566259443e-01,  8.369838949383797e-01, -1.433918885812816e-01, -2.851335289332399e-02
  5.560000000000000e+00,  3.882425298476876e-01,  9.985642732363709e-02,  1.887203084216218e-01,  7.789412101639613e-01, -1.533657091280115e-01, -2.372214401896026e-02
  5.570000000000000e+00,  3.865778342140547e-01,  9.905446101229898e-02,  1.971602726650201e-01,  7.187192393232141e-01, -1.604573786796436e-01, -1.816097018754123e-02
  5.580000000000000e+00,  3.823366660875667e-01,  9.856398647449383e-02,  2.044133639822252e-01,  6.571220475665835e-01, -1.645472426507528e-01, -1.180147657757060e-02
  5.590000000000000e+00,  3.757793899285998e-01,  9.856484523781472e-02,  2.105421405677158e-01,  5.951196548021560e-01, -1.656407572624095e-01, -4.714327330533130e-03
  5.600000000000000e+00,  3.672845965613298e-01,  9.920866453867183e-02,  2.157132400550521e-01,  5.338228096822532e-01, -1.639198844743850e-01,  2.921342254374829e-03
  5.609999999999999e+00,  3.573300292789371e-01,  1.005609294845555e-01,  2.201987477900386e-01,  4.744167834025351e-01, -1.597105924552388e-01,  1.081105337408486e-02
  5.619999999999999e+00,  3.499652002071405e-01,  1.031285188633830e-01,  2.258432045294023e-01,  4.199899945389410e-01, -1.538533063801767e-01,  1.774962572815546e-02
  5.630000000000000e+00,  3.504192160026885e-01,  1.009263706509296e-01,  2.347042107327773e-01,  3.720396206348666e-01, -1.474223729125229e-01,  2.588911337323607e-02
