Main.Studies.MarkerTracking.t,Main.Studies.MarkerTracking.JointAngleOutputs.OutputFile_RightLeg.HipFlexion,Main.Studies.MarkerTracking.JointAngleOutputs.OutputFile_RightLeg.HipAbduction,Main.Studies.MarkerTracking.JointAngleOutputs.OutputFile_RightLeg.HipExternalRotation,Main.Studies.MarkerTracking.JointAngleOutputs.OutputFile_RightLeg.KneeFlexion,Main.Studies.MarkerTracking.JointAngleOutputs.OutputFile_RightLeg.AnklePlantarFlexion,Main.Studies.MarkerTracking.JointAngleOutputs.OutputFile_RightLeg.SubTalarEversion
  2.090000000000000e+00,  4.502270649590616e-01,  1.525371574434580e-01,  2.274762352649315e-01,  3.053787825343728e-01, -9.699119670551307e-02,  7.136551071048992e-02
  2.100000000000000e+00,  4.483149310585477e-01,  1.507005045045668e-01,  2.330036481803829e-01,  2.943751572211173e-01, -9.302265979390481e-02,  7.054550954344452e-02
  2.110000000000000e+00,  4.473421782207888e-01,  1.478661879350978e-01,  2.361508809044271e-01,  2.891188250574962e-01, -8.954315911222147e-02,  6.993889400580013e-02
  2.120000000000000e+00,  4.472557351024441e-01,  1.439594847137058e-01,  2.369877810763959e-01,  2.894639055610921e-01, -8.670124702553220e-02,  6.948302442443592e-02
  2.130000000000000e+00,  4.479099525503714e-01,  1.389105203546830e-01,  2.356913171012990e-01,  2.951143903492859e-01, -8.458691523901557e-02,  6.910704866624540e-02
  2.140000000000000e+00,  4.490819805126806e-01,  1.326667506033121e-01,  2.325282220479334e-01,  3.056412668054937e-01, -8.324747188207653e-02,  6.874122430631081e-02
  2.150000000000000e+00,  4.504821442547134e-01,  1.252045108848741e-01,  2.278294583799990e-01,  3.204901688655952e-01, -8.269880792201226e-02,  6.832511640495675e-02
  2.160000000000000e+00,  4.517664926220238e-01,  1.165419088742026e-01,  2.219557028065392e-01,  3.389871203175772e-01, -8.293423713349159e-02,  6.781459599257911e-02
  2.170000000000000e+00,  4.525553579513972e-01,  1.067501696023161e-01,  2.152589891465669e-01,  3.603505020327959e-01, -8.393201105509013e-02,  6.718576754775218e-02
  2.180000000000000e+00,  4.524595240142338e-01,  9.595989707525998e-02,  2.080478357969791e-01,  3.837156185506357e-01, -8.566259037889586e-02,  6.643483224743760e-02
  2.190000000000000e+00,  4.511116832137794e-01,  8.435944101230497e-02,  2.005626703808416e-01,  4.081735821314443e-01, -8.809584956534736e-02,  6.557426400031846e-02
  2.200000000000000e+00,  4.481974702832132e-01,  7.218455122309786e-02,  1.929653181742044e-01,  4.328204354114984e-01, -9.120724784535099e-02,  6.462690049049059e-02
  2.210000000000000e+00,  4.434795566219716e-01,  5.970099695546849e-02,  1.853422521457140e-01,  4.568081783882109e-01, -9.498143132558090e-02,  6.361998633031256e-02
  2.220000000000000e+00,  4.368104259963211e-01,  4.718375788721074e-02,  1.777180071628862e-01,  4.793886012180211e-01, -9.941218094771655e-02,  6.258066579867616e-02
  2.230000000000000e+00,  4.281330154703618e-01,  3.489693350027445e-02,  1.700737012277029e-01,  4.999434678180394e-01, -1.044988325974640e-01,  6.153337854131453e-02
  2.240000000000000e+00,  4.174714127159963e-01,  2.307757121149723e-02,  1.623659611623156e-01,  5.179988288557400e-01, -1.102405277434322e-01,  6.049877959411580e-02
  2.250000000000000e+00,  4.049152096745911e-01,  1.192488563673400e-02,  1.545429746323394e-01,  5.332249860945280e-01, -1.166302364346466e-01,  5.949354185834659e-02
  2.260000000000000e+00,  3.906010818661090e-01,  1.594809917603746e-03,  1.465560461062800e-01,  5.454257536214967e-01, -1.236502450305072e-01,  5.853055654489834e-02
  2.270000000000000e+00,  3.746944137983046e-01, -7.800951825526869e-03,  1.383663998809804e-01,  5.545211612969662e-01, -1.312700119754728e-01,  5.761929908904739e-02
  2.280000000000000e+00,  3.573729394479994e-01, -1.619228760630231e-02,  1.299478886364867e-01,  5.605272159293914e-01, -1.394464301172880e-01,  5.676628363874362e-02
  2.290000000000000e+00,  3.388136765535595e-01, -2.354518903757730e-02,  1.212867729097694e-01,  5.635354091187886e-01, -1.481259305750696e-01,  5.597557563045936e-02
  2.300000000000000e+00,  3.191838989567166e-01, -2.985405690953846e-02,  1.123799221620745e-01,  5.636937436088785e-01, -1.572476262211470e-01,  5.524932753553909e-02
  2.310000000000000e+00,  2.986364093190306e-01, -3.513258438913924e-02,  1.032327153209295e-01,  5.611903082516625e-01, -1.667467534505649e-01,  5.458829284888604e-02
  2.320000000000000e+00,  2.773088718232319e-01, -3.940427559393989e-02,  9.385763212791569e-02,  5.562398806262225e-01, -1.765578915160134e-01,  5.399227244162275e-02
  2.330000000000000e+00,  2.553264511271566e-01, -4.269387791807921e-02,  8.427408142975723e-02,  5.490736330583916e-01, -1.866176905427386e-01,  5.346045359174775e-02
  2.340000000000000e+00,  2.328076356863352e-01, -4.502106940471462e-02,  7.450753015300038e-02,  5.399309017325366e-01, -1.968671444395893e-01,  5.299123799600287e-02
  2.350000000000000e+00,  2.088948109897030e-01, -4.727656657306079e-02,  6.388370703633052e-02,  5.280687165287188e-01, -2.075732883985504e-01,  5.243735738961308e-02
  2.360000000000000e+00,  1.822639751639214e-01, -4.914252705045463e-02,  5.636516937876200e-02,  5.157876720819677e-01, -2.183285930201334e-01,  5.252205995233222e-02
  2.370000000000000e+00,  1.568069849453366e-01, -4.952815465802107e-02,  4.859852872058747e-02,  5.029099480192731e-01, -2.289129387095317e-01,  5.261472872339931e-02
  2.380000000000000e+00,  1.314749999276058e-01, -4.916922769877896e-02,  4.038180804925594e-02,  4.888550027968414e-01, -2.395664950519191e-01,  5.266027731726466e-02
  2.390000000000000e+00,  1.063208922638878e-01, -4.799881500506675e-02,  3.183681353614617e-02,  4.738624864487438e-01, -2.502416558578968e-01,  5.266665263578551e-02
  2.400000000000000e+00,  8.141714751357150e-02, -4.597914813758486e-02,  2.309707297726207e-02,  4.581776231723949e-01, -2.609020260013194e-01,  5.263826381166578e-02
  2.410000000000000e+00,  5.684526704384893e-02, -4.310481048160231e-02,  1.430070354242313e-02,  4.420473032671082e-01, -2.715206227494922e-01,  5.257516744745194e-02
  2.420000000000000e+00,  3.268548547760353e-02, -3.940315315821907e-02,  5.581886113110192e-03,  4.257162731929005e-01, -2.820768858516073e-01,  5.247282700588835e-02
  2.430000000000000e+00,  9.008124820658584e-03, -3.493057062382610e-02, -2.936691298236802e-03,  4.094240932681870e-01, -2.925529670000580e-01,  5.232180724725861e-02
  2.440000000000000e+00, -1.413535778743032e-02, -2.976928246664601e-02, -1.115159634993811e-02,  3.934020874279467e-01, -3.029292916926034e-01,  5.210806741200700e-02
  2.450000000000000e+00, -3.671741978648457e-02, -2.402113030638930e-02, -1.898384677230212e-02,  3.778719337158214e-01, -3.131802893520211e-01,  5.181299274301351e-02
  2.460000000000000e+00, -5.873755458416022e-02, -1.780325468267963e-02, -2.638302998175207e-02,  3.630450637324852e-01, -3.232702715425394e-01,  5.141385466202811e-02
  2.470000000000000e+00, -8.022206749857080e-02, -1.124549696116861e-02, -3.332985593862024e-02,  3.491233349976665e-01, -3.331498721647037e-01,  5.088457295912102e-02
  2.480000000000000e+00, -1.012200290511559e-01, -4.490436937914177e-03, -3.983746564230792e-02,  3.363010021073550e-01, -3.427531883134328e-01,  5.019698942074213e-02
  2.490000000000000e+00, -1.217945848333703e-01,  2.304282428508442e-03, -4.595160487330801e-02,  3.247681029118328e-01, -3.519956538944458e-01,  4.932281453419796e-02
  2.500000000000000e+00, -1.420086817093477e-01,  8.963553677362901e-03, -5.174924159830716e-02,  3.147154457780003e-01, -3.607725548079910e-01,  4.823624738826527e-02
  2.510000000000000e+00, -1.619054408934910e-01,  1.529673668586584e-02, -5.733473131172393e-02,  3.063408885702459e-01, -3.689576089090832e-01,  4.691703933035976e-02
  2.520000000000000e+00, -1.814828246945147e-01,  2.111192148366037e-02, -6.283005425388549e-02,  2.998574828282207e-01, -3.764016843062582e-01,  4.535274709805546e-02
  2.530000000000000e+00, -2.006683748139765e-01,  2.624826442212780e-02, -6.835893469177642e-02,  2.955010815678589e-01, -3.829305338129423e-01,  4.353989783803423e-02
  2.540000000000000e+00, -2.193014799076656e-01,  3.062531722833084e-02, -7.401682867236262e-02,  2.935363163775581e-01, -3.883399593894655e-01,  4.147827633122100e-02
  2.550000000000000e+00, -2.371264100040071e-01,  3.429565609223761e-02, -7.984687804340028e-02,  2.942579222185086e-01, -3.923935660215996e-01,  3.916844594537133e-02
  2.560000000000000e+00, -2.538065311381870e-01,  3.746300248431877e-02, -8.581537375446471e-02,  2.979854667655683e-01, -3.948186064608033e-01,  3.660253863782110e-02
  2.570000000000000e+00, -2.689530412718765e-01,  4.045095484161920e-02, -9.181140318127866e-02,  3.050512480234368e-01, -3.953062597748421e-01,  3.375987814538000e-02
  2.580000000000000e+00, -2.821606080700970e-01,  4.362711779917317e-02, -9.766753730359654e-02,  3.157834482337905e-01, -3.935154820578763e-01,  3.060558920214925e-02
  2.590000000000000e+00, -2.930407128864690e-01,  4.732062302923623e-02, -1.031920070984350e-01,  3.304868323834173e-01, -3.890804450929051e-01,  2.709194631746432e-02
  2.600000000000000e+00, -3.012474386611977e-01,  5.176860768996083e-02, -1.081993854827107e-01,  3.494223027302762e-01, -3.816215708661077e-01,  2.316201563458697e-02
  2.610000000000000e+00, -3.064947512675980e-01,  5.710227563269776e-02, -1.125339524482665e-01,  3.727854747610202e-01, -3.707616324851012e-01,  1.875700154057592e-02
  2.620000000000000e+00, -3.085671906857621e-01,  6.336080630782703e-02, -1.160875902337663e-01,  4.006841964170986e-01, -3.561497698835313e-01,  1.382916502283898e-02
  2.630000000000000e+00, -3.073269194265073e-01,  7.051440450182600e-02, -1.188157420777525e-01,  4.331159023362099e-01, -3.374966087854689e-01,  8.360007988495052e-03
  2.640000000000000e+00, -3.027140136864677e-01,  7.847601995373266e-02, -1.207534792497682e-01,  4.699499436775645e-01, -3.146201977718398e-01,  2.385456310802149e-03
  2.650000000000000e+00, -2.947718649987469e-01,  8.713442712510711e-02, -1.220128912087619e-01,  5.109061345669557e-01, -2.875101335244509e-01, -4.012326630756019e-03
  2.660000000000000e+00, -2.836150128841316e-01,  9.631010273445129e-02, -1.227956603987525e-01,  5.555692439833984e-01, -2.563918638278175e-01, -1.067044907315744e-02
  2.670000000000000e+00, -2.694511293747505e-01,  1.057802204159759e-01, -1.233606092672178e-01,  6.033939251458620e-01, -2.217945884374714e-01, -1.738585141927625e-02
  2.680000000000000e+00, -2.525358377253087e-01,  1.152648983189857e-01, -1.239795495068641e-01,  6.537534148852809e-01, -1.845074486822682e-01, -2.392043748459631e-02
  2.690000000000000e+00, -2.331813096606740e-01,  1.244537540422952e-01, -1.249081938720353e-01,  7.059647737875905e-01, -1.456415866758834e-01, -3.007077267492553e-02
  2.700000000000000e+00, -2.117045303196499e-01,  1.330206011204655e-01, -1.263376405953518e-01,  7.593434438708768e-01, -1.064859757435180e-01, -3.568241912600673e-02
  2.710000000000000e+00, -1.884039485833265e-01,  1.406590289145937e-01, -1.283682063980996e-01,  8.132340259603644e-01, -6.838454068046519e-02, -4.067820504354964e-02
  2.720000000000000e+00, -1.635380745500915e-01,  1.471131900499048e-01, -1.309999076135322e-01,  8.670288648149977e-01, -3.258644287679498e-02, -4.506124158405662e-02
  2.730000000000000e+00, -1.373152028404756e-01,  1.521993139133295e-01, -1.341409492924852e-01,  9.201717971483803e-01, -1.206481919127259e-04, -4.889831116854773e-02
  2.740000000000000e+00, -1.098946590831105e-01,  1.558145237894957e-01, -1.376291148277477e-01,  9.721515396619400e-01,  2.827722420064359e-02, -5.229037804541411e-02
  2.750000000000000e+00, -8.139705978405190e-02,  1.579340750363794e-01, -1.412586160287620e-01,  1.022490713597582e+00,  5.217867082519325e-02, -5.534019245855471e-02
  2.760000000000000e+00, -5.191966479916231e-02,  1.586008227427691e-01, -1.448056428180708e-01,  1.070735446511658e+00,  7.142848089689804e-02, -5.812575248552306e-02
  2.770000000000000e+00, -2.155299638524247e-02,  1.579110682963598e-01, -1.480484463073814e-01,  1.116448290138275e+00,  8.608405733935981e-02, -6.068432351251739e-02
  2.780000000000000e+00,  9.604149284539811e-03,  1.559997880075923e-01, -1.507806548470568e-01,  1.159205195985771e+00,  9.634765075350554e-02, -6.300739304594005e-02
  2.790000000000000e+00,  4.143305901433432e-02,  1.530267790406439e-01, -1.528185274707109e-01,  1.198596093038714e+00,  1.025050880750430e-01, -6.504413235200064e-02
  2.800000000000000e+00,  7.378769630408752e-02,  1.491642125437849e-01, -1.540037168930292e-01,  1.234228155079615e+00,  1.048777862988098e-01, -6.671000157773763e-02
  2.810000000000000e+00,  1.064917877758485e-01,  1.445856591513439e-01, -1.542031451471123e-01,  1.265730813793178e+00,  1.037898159706736e-01, -6.789751804026357e-02
  2.820000000000000e+00,  1.393402205811148e-01,  1.394566971781690e-01, -1.533072435584321e-01,  1.292761688185549e+00,  9.954891180495463e-02, -6.848716346914786e-02
  2.830000000000000e+00,  1.721041898217769e-01,  1.339274549609051e-01, -1.512274208634079e-01,  1.315012712816582e+00,  9.243907528578660e-02, -6.835739431373876e-02
  2.840000000000000e+00,  2.045391674789492e-01,  1.281276228042778e-01, -1.478933619566338e-01,  1.332215823346175e+00,  8.272207613630089e-02, -6.739346914298038e-02
  2.850000000000000e+00,  2.363944444894126e-01,  1.221644347296116e-01, -1.432506367722140e-01,  1.344147628201620e+00,  7.064521429430369e-02, -6.549523804660504e-02
  2.860000000000000e+00,  2.674228109193453e-01,  1.161238209845181e-01, -1.372590397969981e-01,  1.350632606642052e+00,  5.645286494299930e-02, -6.258416990009398e-02
  2.870000000000000e+00,  2.973889677453094e-01,  1.100744374537823e-01, -1.298919904864624e-01,  1.351544555973458e+00,  4.039949546980399e-02, -5.860979014210237e-02
  2.880000000000000e+00,  3.260755394122848e-01,  1.040737360764494e-01, -1.211371397457268e-01,  1.346806260162566e+00,  2.276203275928903e-02, -5.355545454448821e-02
  2.890000000000000e+00,  3.532860390350326e-01,  9.817482467927063e-02, -1.109980465851847e-01,  1.336387631632250e+00,  3.849744812728078e-03, -4.744309434568196e-02
  2.900000000000000e+00,  3.788445039489452e-01,  9.243210511897026e-02, -9.949744938438501e-02,  1.320302500636739e+00, -1.600032854488672e-02, -4.032948122960791e-02
  2.910000000000000e+00,  4.025935359388073e-01,  8.690796310777227e-02, -8.667612377600001e-02,  1.298606212591672e+00, -3.638341238886190e-02, -3.233391401272533e-02
  2.920000000000000e+00,  4.243887750134463e-01,  8.167143459223314e-02, -7.259870068751963e-02,  1.271392182035944e+00, -5.688377078217545e-02, -2.359739694287850e-02
  2.930000000000000e+00,  4.440947358084536e-01,  7.679932497028341e-02, -5.735128844878466e-02,  1.238790642509077e+00, -7.704850563923481e-02, -1.430115435270046e-02
  2.940000000000000e+00,  4.615804412665986e-01,  7.237270799899465e-02, -4.104083584662267e-02,  1.200969106445667e+00, -9.640589462461048e-02, -4.651354330028096e-03
  2.950000000000000e+00,  4.767171117673222e-01,  6.847281510776115e-02, -2.379292967483831e-02,  1.158135598758512e+00, -1.144781692347722e-01,  5.133261553789597e-03
  2.960000000000000e+00,  4.893788156413242e-01,  6.517717265280343e-02, -5.749420380293893e-03,  1.110545493464784e+00, -1.307961909393407e-01,  1.483567487267066e-02
  2.970000000000000e+00,  4.994471730730332e-01,  6.255728647413661e-02,  1.293313891776937e-02,  1.058512949107853e+00, -1.449161944817888e-01,  2.425547504641756e-02
  2.980000000000000e+00,  5.068212510770962e-01,  6.067885467143275e-02,  3.208349586087147e-02,  1.002428009482627e+00, -1.564393944569457e-01,  3.322277478608897e-02
  2.990000000000000e+00,  5.114336976664687e-01,  5.960486409795140e-02,  5.151413057057354e-02,  9.427801556866615e-01, -1.650355826515895e-01,  4.160937030382836e-02
  3.000000000000000e+00,  5.132735680685065e-01,  5.940087810972527e-02,  7.101930451038742e-02,  8.801879812297251e-01, -1.704714922536794e-01,  4.933504422975343e-02
  3.010000000000000e+00,  5.124146567095340e-01,  6.014018631005213e-02,  9.037534362388036e-02,  8.154320322517035e-01, -1.726431985937618e-01,  5.636664200535673e-02
  3.020000000000000e+00,  5.090449735200251e-01,  6.190434174514170e-02,  1.093466902286053e-01,  7.494831137002600e-01, -1.716087436477672e-01,  6.270789868397136e-02
  3.030000000000000e+00,  5.034884701683272e-01,  6.477291000878216e-02,  1.277002811851019e-01,  6.835119483487065e-01, -1.676126691941268e-01,  6.837997814255573e-02
  3.040000000000000e+00,  4.962065193473406e-01,  6.879693906833406e-02,  1.452265942140466e-01,  6.188613583293816e-01, -1.610890935782627e-01,  7.340163851588431e-02
  3.050000000000000e+00,  4.877651975473878e-01,  7.396108916433586e-02,  1.617585142154919e-01,  5.569642825407318e-01, -1.526377633283354e-01,  7.774947367997945e-02
  3.060000000000000e+00,  4.787705227684894e-01,  8.013771164293093e-02,  1.771769890730378e-01,  4.992125106348270e-01, -1.429476917784519e-01,  8.139151493499086e-02
  3.070000000000000e+00,  4.697827211649648e-01,  8.707119693736631e-02,  1.913947397035113e-01,  4.468048683276301e-01, -1.327185768471399e-01,  8.427923281255952e-02
  3.080000000000000e+00,  4.612411877562139e-01,  9.439368673292514e-02,  2.043281789877602e-01,  4.006279498955932e-01, -1.225700886744495e-01,  8.638792595333067e-02
  3.090000000000000e+00,  4.534253527855922e-01,  1.016747331659527e-01,  2.158758931096909e-01,  3.612086632708997e-01, -1.129840314137999e-01,  8.774168595141095e-02
  3.100000000000000e+00,  4.464591299423963e-01,  1.084813726528495e-01,  2.259180633443794e-01,  3.287435433756291e-01, -1.042859852180346e-01,  8.841686537772606e-02
  3.110000000000000e+00,  4.403470595229019e-01,  1.144252474182827e-01,  2.343357546797729e-01,  3.031764999008130e-01, -9.665968494727385e-02,  8.852515233705838e-02
  3.120000000000000e+00,  4.350223552171167e-01,  1.191864119992199e-01,  2.410382024293535e-01,  2.842872418642248e-01, -9.017903238411214e-02,  8.818818442974380e-02
  3.130000000000000e+00,  4.303903171915507e-01,  1.225172308429290e-01,  2.459861216144816e-01,  2.717633607961025e-01, -8.484395488970096e-02,  8.751577530868003e-02
  3.140000000000000e+00,  4.263577577954843e-01,  1.242361771555793e-01,  2.492046161048112e-01,  2.652450312187506e-01, -8.061173574934714e-02,  8.659367234158533e-02
  3.150000000000000e+00,  4.228449953351331e-01,  1.242209266506200e-01,  2.507842013756929e-01,  2.643426319147674e-01, -7.742032889153690e-02,  8.548077944518641e-02
  3.160000000000000e+00,  4.197808446055188e-01,  1.224064536198302e-01,  2.508710644216283e-01,  2.686329187477153e-01, -7.520311903728182e-02,  8.421279408717809e-02
  3.170000000000000e+00,  4.170843135975285e-01,  1.187892779871635e-01,  2.496492009036674e-01,  2.776413366877962e-01, -7.389612858884766e-02,  8.280887704966929e-02
  3.180000000000000e+00,  4.146401834313267e-01,  1.134347848310990e-01,  2.473184100394748e-01,  2.908191259223931e-01, -7.343966581914881e-02,  8.127894171864976e-02
  3.190000000000000e+00,  4.122780981830461e-01,  1.064819258548229e-01,  2.440728239430922e-01,  3.075246867657589e-01, -7.377716584301217e-02,  7.963020293423684e-02
  3.200000000000000e+00,  4.097641519775646e-01,  9.813992662681348e-02,  2.400839648237824e-01,  3.270182525106452e-01, -7.485415234770450e-02,  7.787214312352890e-02
  3.210000000000000e+00,  4.068096666529288e-01,  8.867483376721852e-02,  2.354905040307209e-01,  3.484760165711223e-01, -7.661937766247069e-02,  7.601923427915294e-02
  3.220000000000000e+00,  4.030957205306953e-01,  7.838796440458284e-02,  2.303949245637367e-01,  3.710243565993616e-01, -7.902838451369804e-02,  7.409119633897041e-02
  3.230000000000000e+00,  3.983068104025060e-01,  6.759122710493504e-02,  2.248658739726248e-01,  3.937883889994435e-01, -8.204784358292887e-02,  7.211137838724836e-02
  3.240000000000000e+00,  3.921647897624932e-01,  5.658470684773120e-02,  2.189442836605905e-01,  4.159445648809909e-01, -8.565816234812444e-02,  7.010444166739239e-02
  3.250000000000000e+00,  3.844553316196425e-01,  4.564020080720232e-02,  2.126512329747953e-01,  4.367664566355612e-01, -8.985253694816246e-02,  6.809442611443599e-02
  3.260000000000000e+00,  3.750425552302999e-01,  3.499179747813308e-02,  2.059958755625689e-01,  4.556561553012379e-01, -9.463232097379455e-02,  6.610368381590322e-02
  3.270000000000000e+00,  3.638713391853883e-01,  2.483243275775360e-02,  1.989822664230902e-01,  4.721587197718424e-01, -1.000002078658947e-01,  6.415259065042056e-02
  3.280000000000000e+00,  3.509597086300565e-01,  1.531439426859516e-02,  1.916144258500694e-01,  4.859614870892754e-01, -1.059534133964735e-01,  6.225969777498514e-02
  3.290000000000000e+00,  3.363849554248676e-01,  6.551936404558534e-03,  1.838993945083054e-01,  4.968824599362012e-01, -1.124786918602263e-01,  6.044200682698646e-02
  3.300000000000000e+00,  3.202671043698582e-01, -1.375062218901935e-03,  1.758484002403509e-01,  5.048524481535366e-01, -1.195500895803845e-01,  5.871517584666421e-02
  3.310000000000000e+00,  3.027525992539766e-01, -8.416734590223962e-03,  1.674765787259662e-01,  5.098948862613830e-01, -1.271293968269309e-01,  5.709357589124067e-02
  3.320000000000000e+00,  2.840001726701225e-01, -1.454812983884390e-02,  1.588019241806015e-01,  5.121060576921527e-01, -1.351686408262645e-01,  5.559018927410377e-02
  3.330000000000000e+00,  2.641700435840473e-01, -1.976340156020173e-02,  1.498442349842143e-01,  5.116373296955106e-01, -1.436137310498905e-01,  5.421637370686708e-02
  3.340000000000000e+00,  2.434169082795018e-01, -2.406957809998556e-02,  1.406247287254146e-01,  5.086801435777164e-01, -1.524084241861767e-01,  5.298152436082435e-02
  3.350000000000000e+00,  2.218866206935253e-01, -2.748053134247153e-02,  1.311667422050539e-01,  5.034539280132094e-01, -1.614979796292530e-01,  5.189266029806962e-02
  3.360000000000000e+00,  1.997159749837723e-01, -3.001194014359054e-02,  1.214975618004715e-01,  4.961967483001545e-01, -1.708321132295565e-01,  5.095395439422501e-02
  3.370000000000000e+00,  1.770346306845856e-01, -3.167798959242618e-02,  1.116510403921084e-01,  4.871583054542676e-01, -1.803670602428081e-01,  5.016622554847661e-02
  3.380000000000000e+00,  1.539680148811866e-01, -3.249025648180792e-02,  1.016703513628433e-01,  4.765948100560424e-01, -1.900667019675226e-01,  4.952642219044894e-02
  3.390000000000000e+00,  1.306400430798304e-01, -3.245878934188662e-02,  9.161009037715089e-02,  4.647652500801511e-01, -1.999027966165750e-01,  4.902714415819471e-02
  3.399999999999999e+00,  1.071747212188316e-01, -3.159493458180496e-02,  8.153699749386907e-02,  4.519286303243498e-01, -2.098543999273389e-01,  4.865626819313953e-02
  3.410000000000000e+00,  8.369606708534019e-02, -2.991512663861262e-02,  7.152881368365747e-02,  4.383418612153284e-01, -2.199065835292037e-01,  4.839675092439417e-02
  3.420000000000000e+00,  6.032619976318121e-02, -2.744414167456743e-02,  6.167160483493865e-02,  4.242581669197765e-01, -2.300483934036623e-01,  4.822626229545558e-02
  3.430000000000000e+00,  3.718214248372012e-02, -2.422039909086449e-02,  5.205316451875380e-02,  4.099255132268846e-01, -2.402712494615593e-01,  4.811907613401137e-02
  3.440000000000000e+00,  1.437076784817357e-02, -2.029496541455011e-02,  4.275917863558502e-02,  3.955858362828839e-01, -2.505652497513057e-01,  4.804444273091579e-02
  3.450000000000000e+00, -8.015722501623950e-03, -1.573406323480731e-02,  3.386505127332944e-02,  3.814741235555223e-01, -2.609170414563849e-01,  4.796886520651792e-02
  3.460000000000000e+00, -2.990484871396562e-02, -1.061851005795234e-02,  2.542956140047571e-02,  3.678178779843571e-01, -2.713067075848585e-01,  4.785678273433729e-02
  3.470000000000000e+00, -5.124695999893567e-02, -5.042910677130585e-03,  1.748961908130471e-02,  3.548372032615558e-01, -2.817049924708912e-01,  4.767157211018051e-02
  3.480000000000000e+00, -7.201865147004145e-02,  8.835178842938607e-04,  1.005491999447432e-02,  3.427445388130073e-01, -2.920703606873177e-01,  4.737683459054235e-02
  3.490000000000000e+00, -9.222227824065721e-02,  7.035286626007276e-03,  3.105011816645869e-03,  3.317454128699040e-01, -3.023465065085684e-01,  4.693763080699345e-02
  3.500000000000000e+00, -1.118830293385644e-01,  1.326628563473831e-02, -3.412930037476051e-03,  3.220395219934364e-01, -3.124599897929569e-01,  4.632207646653760e-02
  3.510000000000000e+00, -1.310414908783401e-01,  1.940363225648323e-02, -9.585010132381458e-03,  3.138227726746924e-01, -3.223181766065545e-01,  4.550337375187719e-02
  3.520000000000000e+00, -1.497405566836569e-01,  2.524213681951148e-02, -1.552972285261730e-02,  3.072906854227083e-01, -3.318074316268790e-01,  4.446227602179858e-02
  3.530000000000000e+00, -1.680069221427038e-01,  3.054479332058180e-02, -2.139436389521879e-02,  3.026430002696593e-01, -3.407910528532739e-01,  4.318966978839577e-02
  3.540000000000000e+00, -1.858262280045372e-01,  3.505932849702731e-02, -2.734368394884789e-02,  3.000906160732027e-01, -3.491070885732085e-01,  4.168752495377397e-02
  3.550000000000000e+00, -2.031193256248062e-01,  3.855988822546474e-02, -3.353998995414361e-02,  2.998619360093712e-01, -3.565646323913427e-01,  3.996724800536432e-02
  3.560000000000000e+00, -2.197244744781684e-01,  4.091410796060879e-02, -4.010637934676840e-02,  3.022087157385632e-01, -3.629381246810635e-01,  3.803979484449890e-02
  3.570000000000000e+00, -2.353963822754175e-01,  4.216024271807783e-02, -4.709010880882614e-02,  3.074050111883072e-01, -3.679622156268513e-01,  3.590631098883415e-02
  3.580000000000000e+00, -2.498212758004603e-01,  4.254263826148108e-02, -5.442947750610930e-02,  3.157408567795766e-01, -3.713273434729192e-01,  3.354445750157999e-02
  3.590000000000000e+00, -2.626464460435801e-01,  4.247955060811970e-02, -6.195159034927652e-02,  3.275075773635763e-01, -3.726804965153866e-01,  3.090380281345063e-02
  3.600000000000000e+00, -2.735117751916024e-01,  4.246613660208776e-02, -6.940189768872146e-02,  3.429788625525357e-01, -3.716320135645056e-01,  2.791060760718427e-02
  3.610000000000000e+00, -2.820765451988416e-01,  4.296338390165566e-02, -7.649208406545033e-02,  3.623900870962771e-01, -3.677679911575968e-01,  2.447952587935846e-02
  3.620000000000000e+00, -2.880401721778222e-01,  4.432279462612354e-02, -8.294684368083606e-02,  3.859170760789191e-01, -3.606678912039387e-01,  2.052786833892607e-02
  3.630000000000000e+00, -2.911582257312453e-01,  4.676225016600100e-02, -8.853918851466071e-02,  4.136545348758622e-01, -3.499288177027435e-01,  1.599084070748480e-02
  3.640000000000000e+00, -2.912549927337014e-01,  5.037794781845717e-02, -9.311444734331448e-02,  4.455949397239806e-01, -3.351994240727224e-01,  1.083815125569782e-02
  3.650000000000000e+00, -2.882330795559844e-01,  5.516887942346727e-02, -9.660625291597227e-02,  4.816102741565217e-01, -3.162259764113239e-01,  5.091051709150710e-03
  3.660000000000000e+00, -2.820796384713901e-01,  6.105732490833571e-02, -9.904507051481960e-02,  5.214405963248974e-01, -2.929102311335972e-01, -1.164093744682939e-03
  3.670000000000000e+00, -2.728677327896674e-01,  6.789975169478812e-02, -1.005565244693186e-01,  5.646939459772483e-01, -2.653734313628132e-01, -7.771410776632738e-03
  3.680000000000000e+00, -2.607507095149175e-01,  7.549107524641752e-02, -1.013464305944686e-01,  6.108606654624308e-01, -2.340136539881666e-01, -1.451500255545081e-02
  3.690000000000000e+00, -2.459480052600560e-01,  8.356944754259676e-02, -1.016723106518240e-01,  6.593417796612451e-01, -1.995375353696230e-01, -2.114339876874892e-02
  3.700000000000000e+00, -2.287227470286014e-01,  9.182842527154822e-02, -1.018053676138245e-01,  7.094868259292820e-01, -1.629464848977671e-01, -2.740511136694014e-02
  3.710000000000000e+00, -2.093541517298480e-01,  9.993945395017567e-02, -1.019902210081627e-01,  7.606333543916254e-01, -1.254659203425226e-01, -3.308703865439507e-02
  3.720000000000000e+00, -1.881098910613854e-01,  1.075821522169387e-01, -1.024107607771388e-01,  8.121398333346899e-01, -8.842362778262093e-02, -3.804537776901503e-02
  3.730000000000000e+00, -1.652241665266312e-01,  1.144756627088410e-01, -1.031688732242515e-01,  8.634062557167949e-01, -5.310307372895495e-02, -4.222030266471630e-02
  3.740000000000000e+00, -1.408857995927646e-01,  1.204035162777517e-01, -1.042790041088268e-01,  9.138811685471188e-01, -2.060840715619529e-02, -4.563093461122091e-02
  3.750000000000000e+00, -1.152377497344096e-01,  1.252271625868162e-01, -1.056769767305066e-01,  9.630580202636123e-01,  8.227026564698352e-03, -4.835393699827122e-02
  3.760000000000000e+00, -8.838642455602551e-02,  1.288875709457582e-01, -1.072380844825628e-01,  1.010465890510614e+00,  3.287450270134632e-02, -5.049404032747582e-02
  3.770000000000000e+00, -6.041716041242758e-02,  1.313976277892108e-01, -1.087984720580912e-01,  1.055659467415019e+00,  5.309167798189801e-02, -5.215571601375893e-02
  3.780000000000000e+00, -3.141177219104430e-02,  1.328292318413944e-01, -1.101750289082851e-01,  1.098211479760723e+00,  6.887022921253388e-02, -5.342247434547597e-02
  3.790000000000000e+00, -1.464736433765408e-03,  1.332983855584882e-01, -1.111812391923195e-01,  1.137708907083537e+00,  8.036956887010654e-02, -5.434611421112796e-02
  3.800000000000000e+00,  2.930428830297994e-02,  1.329502927503934e-01, -1.116384361366395e-01,  1.173752934180994e+00,  8.785230523357722e-02, -5.494487486642741e-02
  3.810000000000000e+00,  6.074279515407315e-02,  1.319453845498004e-01, -1.113830890186665e-01,  1.205961925735487e+00,  9.163049262417892e-02, -5.520776632831985e-02
  3.820000000000000e+00,  9.266293561135597e-02,  1.304466530636843e-01, -1.102711277588107e-01,  1.233976471918099e+00,  9.202611642671367e-02, -5.510218027029955e-02
  3.830000000000000e+00,  1.248438635296970e-01,  1.286085951951148e-01, -1.081802067763980e-01,  1.257465552841610e+00,  8.934570717424957e-02, -5.458253643374113e-02
  3.840000000000000e+00,  1.570380733451936e-01,  1.265682013954261e-01, -1.050105572194550e-01,  1.276132936855219e+00,  8.386724081460981e-02, -5.359859148104180e-02
  3.850000000000000e+00,  1.889804983788782e-01,  1.244385153685690e-01, -1.006848742004729e-01,  1.289723015691148e+00,  7.583691780047738e-02, -5.210277097425082e-02
  3.860000000000000e+00,  2.204029070709550e-01,  1.223048627855252e-01, -9.514245656586458e-02,  1.298028003091085e+00,  6.545433969604059e-02, -5.004230943376160e-02
  3.870000000000000e+00,  2.510239467724329e-01,  1.202261742644535e-01, -8.836386009289110e-02,  1.300877778876939e+00,  5.297771597758217e-02, -4.743452160814039e-02
  3.880000000000000e+00,  2.805978667062681e-01,  1.182341713459010e-01, -8.031857166239581e-02,  1.298166796666394e+00,  3.854602642872003e-02, -4.423039411942149e-02
  3.890000000000000e+00,  3.088803515060564e-01,  1.163412211815869e-01, -7.101562671591430e-02,  1.289827008186995e+00,  2.238528223699167e-02, -4.045791993442291e-02
  3.900000000000000e+00,  3.356516555623994e-01,  1.145443449244123e-01, -6.047765237195776e-02,  1.275838291570820e+00,  4.728725866329869e-03, -3.615362262698545e-02
  3.910000000000000e+00,  3.607124782313057e-01,  1.128307601422414e-01, -4.874723970936122e-02,  1.256221820739340e+00, -1.415956116017884e-02, -3.137187397425177e-02
  3.920000000000000e+00,  3.838829450856185e-01,  1.111847874601524e-01, -3.588389190854552e-02,  1.231038254861125e+00, -3.393681344364096e-02, -2.620293252490420e-02
  3.930000000000000e+00,  4.049976373524745e-01,  1.095891901807198e-01, -2.196964899203560e-02,  1.200383771917360e+00, -5.421739969719619e-02, -2.074262639363877e-02
  3.940000000000000e+00,  4.239029069666089e-01,  1.080294485876296e-01, -7.107685633353096e-03,  1.164391054699524e+00, -7.454143871863887e-02, -1.510283213669295e-02
  3.950000000000000e+00,  4.404539726674488e-01,  1.064955248143105e-01,  8.575141501939878e-03,  1.123232681976478e+00, -9.438344732795667e-02, -9.399090564670743e-03
  3.960000000000000e+00,  4.545146512832743e-01,  1.049842223430111e-01,  2.492554926367430e-02,  1.077129407478255e+00, -1.131640042829621e-01, -3.739639897334260e-03
  3.970000000000000e+00,  4.659612197197358e-01,  1.035029402936365e-01,  4.176071486931087e-02,  1.026365278285161e+00, -1.302647282766847e-01,  1.787879621790737e-03
  3.980000000000000e+00,  4.746906091639339e-01,  1.020754447314398e-01,  5.886151522651351e-02,  9.713054038506359e-01, -1.450930499131413e-01,  7.127200659022809e-03
  3.990000000000000e+00,  4.806375218382239e-01,  1.007512244349640e-01,  7.597235582762814e-02,  9.124295887537978e-01, -1.570893919550232e-01,  1.226515854077009e-02
  4.000000000000000e+00,  4.837984970280013e-01,  9.961628610243611e-02,  9.280082726026952e-02,  8.503695185463873e-01, -1.657845388191399e-01,  1.724055265523559e-02
  4.010000000000000e+00,  4.842605684872794e-01,  9.880283079500174e-02,  1.090248477219388e-01,  7.859448368657366e-01, -1.708948033705234e-01,  2.213040234597801e-02
  4.020000000000000e+00,  4.822338832704192e-01,  9.849111782066200e-02,  1.243185408434148e-01,  7.202026869306425e-01, -1.723477368403216e-01,  2.703271173759126e-02
  4.029999999999999e+00,  4.780738718472260e-01,  9.889305862055409e-02,  1.383923554278451e-01,  6.544297432139773e-01, -1.703259065147514e-01,  3.202708760360659e-02
  4.040000000000000e+00,  4.722798612726399e-01,  1.002091076537412e-01,  1.510427545227604e-01,  5.901181716896913e-01, -1.652652530654393e-01,  3.713184888004375e-02
  4.050000000000000e+00,  4.654545310492740e-01,  1.025626680801421e-01,  1.621896161885740e-01,  5.288627361842425e-01, -1.578225306405748e-01,  4.225340067749515e-02
  4.060000000000000e+00,  4.582270698320854e-01,  1.059287560200131e-01,  1.718748107998436e-01,  4.721975742295291e-01, -1.487569500447744e-01,  4.721678222710874e-02
  4.069999999999999e+00,  4.511567535823666e-01,  1.101027145801545e-01,  1.802103657301959e-01,  4.214102979326226e-01, -1.388368798041370e-01,  5.179162711337758e-02
  4.080000000000000e+00,  4.446553123910900e-01,  1.147236133203364e-01,  1.873018405621132e-01,  3.774066546736287e-01, -1.287319221199340e-01,  5.577190808422503e-02
  4.090000000000000e+00,  4.389610821135276e-01,  1.193539926420002e-01,  1.931825848519731e-01,  3.406711949702096e-01, -1.189524424164284e-01,  5.904213088983443e-02
  4.100000000000000e+00,  4.341322486497029e-01,  1.235341898354272e-01,  1.978253551044627e-01,  3.113178432569640e-01, -1.098526018752553e-01,  6.157031921141351e-02
  4.109999999999999e+00,  4.301282330411422e-01,  1.268874425337747e-01,  2.011441500107240e-01,  2.892008431306538e-01, -1.016460970869165e-01,  6.340400235347966e-02
  4.119999999999999e+00,  4.268563574768033e-01,  1.291328914508301e-01,  2.030243917119299e-01,  2.740070954723987e-01, -9.442437113296463e-02,  6.468803392333630e-02
  4.130000000000000e+00,  4.241776301523125e-01,  1.300526932518165e-01,  2.034439198160801e-01,  2.653462513608224e-01, -8.824146608911164e-02,  6.548630420690715e-02
  4.140000000000001e+00,  4.219696455769665e-01,  1.295167554727115e-01,  2.024288933973573e-01,  2.627811337114761e-01, -8.308751604169615e-02,  6.588832399010364e-02
  4.150000000000000e+00,  4.201398728184103e-01,  1.274615966225694e-01,  2.000580371086022e-01,  2.658518674722302e-01, -7.895686455277366e-02,  6.601492824195243e-02
  4.160000000000000e+00,  4.185824197351288e-01,  1.238671986922031e-01,  1.965169553667748e-01,  2.740572079107571e-01, -7.582805265971647e-02,  6.590476640984377e-02
  4.170000000000000e+00,  4.171840379944792e-01,  1.187696630897648e-01,  1.920327347953049e-01,  2.868373873607798e-01, -7.368008563691231e-02,  6.560588161933754e-02
  4.180000000000000e+00,  4.157947840201261e-01,  1.122620869007218e-01,  1.868571749442655e-01,  3.035510216403898e-01, -7.249028160842669e-02,  6.516105536108452e-02
  4.190000000000000e+00,  4.142103969141976e-01,  1.044973325912784e-01,  1.812374539085596e-01,  3.234619757388907e-01, -7.223256401697872e-02,  6.461177807404764e-02
  4.199999999999999e+00,  4.121692114338492e-01,  9.568388242850179e-02,  1.753909963672197e-01,  3.457441652786707e-01, -7.287703568759024e-02,  6.399959548117048e-02
  4.210000000000000e+00,  4.093672051671207e-01,  8.607261250793319e-02,  1.694882695471772e-01,  3.695080110794922e-01, -7.439213329023127e-02,  6.336525286472230e-02
  4.220000000000000e+00,  4.054874959975257e-01,  7.593672688202191e-02,  1.636447376512617e-01,  3.938451309042565e-01, -7.674849415285258e-02,  6.274645807978289e-02
  4.230000000000000e+00,  4.002353709871676e-01,  6.554978445140036e-02,  1.579212189519831e-01,  4.178816147416589e-01, -7.992213182823385e-02,  6.217529041563113e-02
  4.240000000000000e+00,  3.933691517952409e-01,  5.516665109094165e-02,  1.523306967357641e-01,  4.408279355783693e-01, -8.389463289478119e-02,  6.167623099128310e-02
  4.250000000000000e+00,  3.847203049688241e-01,  4.501026398700536e-02,  1.468491145575266e-01,  4.620159681647376e-01, -8.864966240749639e-02,  6.126535284538770e-02
  4.260000000000000e+00,  3.741993124998758e-01,  3.526601344291480e-02,  1.414283691815935e-01,  4.809182494525281e-01, -9.416450826464039e-02,  6.094888898150180e-02
  4.270000000000000e+00,  3.617979433859126e-01,  2.607576026788117e-02,  1.360053216084586e-01,  4.971538905440513e-01, -1.004138694004393e-01,  6.073140839835659e-02
  4.279999999999999e+00,  3.475688048154818e-01,  1.754749083292162e-02,  1.305158450544693e-01,  5.104761632738227e-01, -1.073495602564500e-01,  6.060572221352988e-02
  4.290000000000000e+00,  3.316166823538476e-01,  9.755479468199768e-03,  1.248991012192283e-01,  5.207588671925940e-01, -1.149097951397688e-01,  6.056197851539734e-02
  4.300000000000000e+00,  3.140812851469029e-01,  2.747310173432993e-03,  1.191028629153565e-01,  5.279763893128214e-01, -1.230179465189075e-01,  6.058671955419655e-02
  4.310000000000000e+00,  2.951229327948768e-01, -3.449935132277870e-03,  1.130858927626355e-01,  5.321841807295946e-01, -1.315864762518691e-01,  6.066393759807302e-02
  4.320000000000000e+00,  2.749107921282539e-01, -8.823582810791430e-03,  1.068188531698785e-01,  5.335007641187403e-01, -1.405222495238151e-01,  6.077610730603640e-02
  4.330000000000000e+00,  2.536148842221765e-01, -1.337002537116838e-02,  1.002838921030107e-01,  5.320923651906373e-01, -1.497326788553788e-01,  6.090561224981689e-02
  4.340000000000000e+00,  2.313980454380891e-01, -1.708811594047788e-02,  9.347716068271962e-02,  5.281589086090583e-01, -1.591290454946883e-01,  6.103393426170881e-02
  4.350000000000000e+00,  2.084175777086796e-01, -1.997778359495128e-02,  8.640542426164102e-02,  5.219251732197642e-01, -1.686338794519176e-01,  6.114521961008471e-02
  4.359999999999999e+00,  1.848225040959977e-01, -2.203578999431954e-02,  7.908913783536950e-02,  5.136316660897723e-01, -1.781819376204981e-01,  6.122497925621811e-02
  4.369999999999999e+00,  1.607559856675603e-01, -2.325562781437096e-02,  7.156245219877612e-02,  5.035288432589676e-01, -1.877227358958109e-01,  6.126100726984891e-02
  4.380000000000000e+00,  1.363577820758915e-01, -2.362882931256371e-02,  6.387346777548614e-02,  4.918727054001842e-01, -1.972213612624832e-01,  6.124354142574842e-02
  4.390000000000001e+00,  1.117665753519164e-01, -2.314794005461285e-02,  5.608364648119066e-02,  4.789216612982607e-01, -2.066582829602124e-01,  6.116518554154836e-02
  4.400000000000000e+00,  8.712140428450910e-02, -2.181062065442441e-02,  4.826601603144830e-02,  4.649342928811705e-01, -2.160282991248138e-01,  6.102062447547306e-02
  4.410000000000000e+00,  6.256170828339912e-02, -1.962413785994888e-02,  4.050201549752490e-02,  4.501676899049573e-01, -2.253387383835763e-01,  6.080617790431894e-02
  4.420000000000000e+00,  3.822578256428059e-02, -1.660946356717918e-02,  3.287709828919589e-02,  4.348760741193035e-01, -2.346070151249389e-01,  6.051924415844846e-02
  4.430000000000000e+00,  1.424773811441613e-02, -1.280432830235045e-02,  2.547545565575220e-02,  4.193094965189699e-01, -2.438576249395766e-01,  6.015768133115285e-02
  4.440000000000000e+00, -9.247007535797328e-03, -8.264322034838401e-03,  1.837520909617541e-02,  4.037123978230003e-01, -2.531182860268641e-01,  5.971860832926804e-02
  4.449999999999999e+00, -3.214536523798471e-02, -3.065014837332125e-03,  1.163982029085014e-02,  3.883223836385967e-01, -2.624176212285257e-01,  5.919993902314784e-02
  4.460000000000000e+00, -5.435362931737662e-02,  2.701866143424381e-03,  5.317976717574382e-03,  3.733680931922350e-01, -2.717788146511904e-01,  5.859660309902785e-02
  4.470000000000000e+00, -7.580070085697083e-02,  8.928247214175400e-03, -5.630950512127647e-04,  3.590678522036446e-01, -2.812169633451719e-01,  5.790210603391791e-02
  4.480000000000000e+00, -9.644197512213266e-02,  1.549145337199520e-02, -5.999530421596618e-03,  3.456280292861241e-01, -2.907346907603264e-01,  5.710769790335094e-02
  4.490000000000000e+00, -1.162611161391546e-01,  2.225438325008899e-02, -1.101253702113760e-02,  3.332418754423024e-01, -3.003184674248466e-01,  5.620238689922145e-02
  4.500000000000000e+00, -1.352692965697198e-01,  2.906383100409293e-02, -1.564951131289064e-02,  3.220890770009523e-01, -3.099354638842532e-01,  5.517350712025695e-02
  4.510000000000000e+00, -1.535010462217044e-01,  3.574684112268334e-02, -1.998487763304708e-02,  3.123363828964218e-01, -3.195310704663315e-01,  5.400807179102354e-02
  4.520000000000000e+00, -1.710058873779322e-01,  4.210624811490016e-02, -2.412065173394552e-02,  3.041396605439672e-01, -3.290270953277614e-01,  5.269504006117489e-02
  4.529999999999999e+00, -1.878352805573000e-01,  4.791873441986505e-02, -2.818594572346567e-02,  2.976476412797762e-01, -3.383204548180384e-01,  5.122829948668915e-02
  4.540000000000000e+00, -2.040253336109353e-01,  5.294165757704716e-02, -3.233331154493913e-02,  2.930073667471835e-01, -3.472819147653809e-01,  4.960953607839921e-02
  4.550000000000000e+00, -2.195769042041340e-01,  5.693634188725016e-02, -3.672964348169484e-02,  2.903708863113589e-01, -3.557545922813108e-01,  4.785031006664715e-02
  4.560000000000000e+00, -2.344404728972686e-01,  5.971807280989072e-02, -4.153044047007425e-02,  2.899018082533905e-01, -3.635494105690977e-01,  4.596542167130268e-02
  4.570000000000000e+00, -2.485046271052202e-01,  6.121871287957492e-02, -4.685530936784295e-02,  2.917799810081673e-01, -3.704429652560792e-01,  4.397025489703143e-02
  4.580000000000000e+00, -2.616004463503669e-01,  6.154753154312909e-02, -5.274886802116453e-02,  2.962019784359081e-01, -3.761719816392709e-01,  4.186570932153284e-02
  4.590000000000000e+00, -2.735153441529987e-01,  6.100699022547373e-02, -5.915929176829279e-02,  3.033763524665561e-01, -3.804318727633035e-01,  3.962873967285879e-02
  4.600000000000000e+00, -2.840120904393938e-01,  6.004368179177710e-02, -6.594084586069307e-02,  3.135146190260784e-01, -3.828791628378947e-01,  3.720863905863406e-02
  4.609999999999999e+00, -2.928462615757711e-01,  5.915155073490053e-02, -7.288083941668479e-02,  3.268199831546850e-01, -3.831380204475751e-01,  3.453091979715561e-02
  4.620000000000000e+00, -2.997798128210162e-01,  5.877319640810597e-02, -7.973695175858359e-02,  3.434752811660928e-01, -3.808094754068242e-01,  3.150544946494690e-02
  4.630000000000000e+00, -3.045919354538159e-01,  5.923714748447262e-02, -8.627010079320864e-02,  3.636303610351302e-01, -3.754826402549555e-01,  2.803547036916476e-02
  4.640000000000000e+00, -3.070886832421017e-01,  6.073983272239936e-02, -9.226717952612933e-02,  3.873884760090454e-01, -3.667492267703056e-01,  2.402726769835329e-02
  4.650000000000000e+00, -3.071118987269231e-01,  6.335890949053358e-02, -9.755628917600984e-02,  4.147915049288948e-01, -3.542241451652777e-01,  1.940236301302522e-02
  4.660000000000000e+00, -3.045474934394678e-01,  6.707933351803463e-02, -1.020190469842059e-01,  4.458046254247695e-01, -3.375752661173156e-01,  1.411332826143864e-02
  4.670000000000000e+00, -2.993329913454700e-01,  7.181855926735925e-02, -1.056017176542966e-01,  4.803021968052905e-01, -3.165644770571555e-01,  8.161637537128792e-03
  4.680000000000000e+00, -2.914637804516699e-01,  7.744460145969523e-02, -1.083230400308636e-01,  5.180577523963765e-01, -2.910997821050998e-01,  1.613216376622968e-03
  4.690000000000000e+00, -2.809966843153383e-01,  8.378663490839422e-02, -1.102744790069510e-01,  5.587415854255132e-01, -2.612940085640506e-01, -5.394032264111588e-03
  4.700000000000000e+00, -2.680488219114198e-01,  9.064139691456674e-02, -1.116093906271306e-01,  6.019287693288444e-01, -2.275198837186010e-01, -1.265563908234987e-02
  4.709999999999999e+00, -2.527899627105610e-01,  9.777973171152610e-02, -1.125207992856236e-01,  6.471182934573216e-01, -1.904455022747903e-01, -1.992080843825869e-02
  4.720000000000000e+00, -2.354279957601739e-01,  1.049564330317916e-01, -1.132114485481893e-01,  6.937608244201754e-01, -1.510319362443203e-01, -2.692494117101522e-02
  4.730000000000000e+00, -2.161893078946491e-01,  1.119240493899309e-01, -1.138624915087611e-01,  7.412896901078341e-01, -1.104798136383790e-01, -3.342748174809324e-02
  4.740000000000000e+00, -1.952978379818926e-01,  1.184489767979693e-01, -1.146074641886143e-01,  7.891484763414965e-01, -7.012537966315614e-02, -3.924548024565816e-02
  4.750000000000000e+00, -1.729573365005795e-01,  1.243270734534694e-01, -1.155162374466638e-01,  8.368098994644406e-01, -3.130459704984700e-02, -4.427383285849448e-02
  4.760000000000000e+00, -1.493404696993602e-01,  1.293962648838716e-01, -1.165906090580259e-01,  8.837838715712609e-01,  4.782847997876656e-03, -4.848727616570266e-02
  4.770000000000000e+00, -1.245862784029232e-01,  1.335445274108755e-01, -1.177703019028610e-01,  9.296163102418225e-01,  3.717732065727927e-02, -5.192534521960381e-02
  4.780000000000000e+00, -9.880515336506884e-02,  1.367126734773656e-01, -1.189461672237241e-01,  9.738825648808864e-01,  6.521140828387643e-02, -5.466681932218391e-02
  4.789999999999999e+00, -7.208889142588337e-02,  1.388922898042768e-01, -1.199766719788500e-01,  1.016179626861291e+00,  8.850963433518015e-02, -5.680226895926012e-02
  4.800000000000000e+00, -4.452292293909399e-02,  1.401198736393465e-01, -1.207041988675436e-01,  1.056120076390069e+00,  1.069492877709966e-01, -5.841180257468559e-02
  4.810000000000000e+00, -1.619820098100659e-02,  1.404685281934019e-01, -1.209688838110679e-01,  1.093329061905281e+00,  1.206013863431170e-01, -5.955156518686081e-02
  4.820000000000000e+00,  1.277898322162547e-02,  1.400384913654358e-01, -1.206190656377531e-01,  1.127444317160331e+00,  1.296685288954430e-01, -6.024904776880601e-02
  4.830000000000000e+00,  4.228023337768490e-02,  1.389474470590371e-01, -1.195184487890851e-01,  1.158118549412377e+00,  1.344305692380194e-01, -6.050510533919357e-02
  4.840000000000000e+00,  7.215171064317322e-02,  1.373212344030219e-01, -1.175505989226292e-01,  1.185023346191728e+00,  1.352032280915283e-01, -6.029992472154980e-02
  4.850000000000000e+00,  1.022141710152301e-01,  1.352853664959932e-01, -1.146214836692916e-01,  1.207853811499040e+00,  1.323106224265382e-01, -5.960054743635450e-02
  4.859999999999999e+00,  1.322659886752318e-01,  1.329577023466735e-01, -1.106606316997212e-01,  1.226333280661643e+00,  1.260703978509199e-01, -5.836834404599515e-02
  4.869999999999999e+00,  1.620885082101367e-01,  1.304426043706644e-01, -1.056212899088226e-01,  1.240217599079577e+00,  1.167891890638066e-01, -5.656563059474429e-02
  4.880000000000000e+00,  1.914528716525738e-01,  1.278268694531945e-01, -9.947981095328083e-02,  1.249298573559595e+00,  1.047659072434473e-01, -5.416120896146172e-02
  4.890000000000001e+00,  2.201273688267816e-01,  1.251775957839312e-01, -9.223442698659993e-02,  1.253406332678048e+00,  9.030042217542456e-02, -5.113494812044441e-02
  4.900000000000000e+00,  2.478843864364427e-01,  1.225419491891513e-01, -8.390354162999900e-02,  1.252410479733586e+00,  7.370533037074337e-02, -4.748163022223972e-02
  4.910000000000000e+00,  2.745061828866469e-01,  1.199485736088921e-01, -7.452367092511034e-02,  1.246220088837746e+00,  5.531859734772361e-02, -4.321422222423298e-02
  4.920000000000000e+00,  2.997889626576007e-01,  1.174102169267444e-01, -6.414716577246235e-02,  1.234782768156208e+00,  3.551495830113182e-02, -3.836656266191268e-02
  4.930000000000000e+00,  3.235450189001876e-01,  1.149270669704716e-01, -5.283985220064881e-02,  1.218083175899793e+00,  1.471413714057733e-02, -3.299523126406002e-02
  4.940000000000000e+00,  3.456028308174194e-01,  1.124900326446960e-01, -4.067939941861674e-02,  1.196141029902948e+00, -6.624057680981664e-03, -2.717695643693278e-02
  4.949999999999999e+00,  3.658064380906018e-01,  1.100853755115452e-01, -2.775106496727202e-02,  1.169011610683232e+00, -2.797271025241580e-02, -2.102051333131154e-02
  4.960000000000000e+00,  3.840124412899409e-01,  1.076964889179970e-01, -1.414911125413964e-02,  1.136784735427661e+00, -4.878560513945425e-02, -1.464356725521347e-02
  4.970000000000001e+00,  4.000883258559106e-01,  1.053080767648762e-01,  2.523800569928514e-05,  1.099588286611090e+00, -6.848795907303426e-02, -8.178204156240329e-03
  4.980000000000000e+00,  4.139111926357879e-01,  1.029094437910754e-01,  1.466237290020687e-02,  1.057594099915766e+00, -8.650184885229412e-02, -1.758331345379590e-03
  4.990000000000000e+00,  4.253691566362571e-01,  1.004988140136052e-01,  2.964129604976239e-02,  1.011028594006976e+00, -1.022707121493910e-01,  4.492323688627346e-03
  5.000000000000000e+00,  4.343670394294381e-01,  9.808904926925810e-02,  4.482455460174795e-02,  9.601894915561678e-01, -1.152877103611190e-01,  1.047336520767377e-02
  5.010000000000000e+00,  4.408382218208248e-01,  9.571514966763361e-02,  6.005170911919052e-02,  9.054701031636334e-01, -1.251276133888336e-01,  1.612008638849686e-02
  5.020000000000000e+00,  4.447641147152603e-01,  9.344317788779311e-02,  7.513324712680915e-02,  8.473919007778872e-01, -1.314820185259051e-01,  2.141219189454758e-02
  5.029999999999999e+00,  4.462012409224274e-01,  9.137863681892711e-02,  8.984860513228936e-02,  7.866438567031495e-01, -1.341969795306699e-01,  2.637515369444396e-02
  5.040000000000000e+00,  4.453127624445049e-01,  8.966969925406665e-02,  1.039534200657885e-01,  7.241222871284488e-01, -1.333096857111858e-01,  3.107018762605700e-02
  5.050000000000000e+00,  4.423962260311659e-01,  8.849782354591462e-02,  1.172004905167329e-01,  6.609573692425788e-01, -1.290763563262247e-01,  3.557053989295070e-02
  5.060000000000000e+00,  4.378936143989393e-01,  8.804696982673033e-02,  1.293737351743535e-01,  5.985044726788644e-01, -1.219760470554126e-01,  3.993177984313325e-02
  5.070000000000000e+00,  4.323692854596032e-01,  8.845611385268537e-02,  1.403245832412913e-01,  5.382765118862120e-01, -1.126918670606579e-01,  4.413815154053606e-02
  5.080000000000000e+00,  4.264450890769166e-01,  8.975107490935219e-02,  1.499910295248756e-01,  4.818106922511384e-01, -1.020175687350570e-01,  4.812402193175566e-02
  5.090000000000000e+00,  4.207101326089958e-01,  9.180914993347566e-02,  1.583830391170213e-01,  4.304932772864553e-01, -9.077230040274865e-02,  5.176801678459061e-02
  5.100000000000000e+00,  4.156317581800593e-01,  9.436186276852410e-02,  1.655395012980196e-01,  3.854026336583512e-01, -7.969133373087645e-02,  5.494690143306686e-02
  5.109999999999999e+00,  4.115080695254099e-01,  9.705294733631220e-02,  1.714737127477036e-01,  3.472263587283069e-01, -6.935394865021001e-02,  5.759340219288629e-02
  5.120000000000000e+00,  4.084421816486837e-01,  9.948875832764159e-02,  1.761822375504973e-01,  3.162681810425751e-01, -6.016076033378810e-02,  5.968174865041108e-02
  5.130000000000000e+00,  4.064125534240643e-01,  1.013396488937877e-01,  1.796026925930141e-01,  2.925292849316857e-01, -5.235076946900916e-02,  6.127629285619990e-02
  5.140000000000000e+00,  4.052980072776894e-01,  1.023503996904305e-01,  1.816729222446972e-01,  2.758007546855265e-01, -4.603510794146802e-02,  6.246728683470913e-02
  5.150000000000000e+00,  4.049299282334742e-01,  1.023534293149080e-01,  1.823509318584875e-01,  2.657475795418785e-01, -4.123900576510306e-02,  6.335329032141750e-02
  5.160000000000000e+00,  4.051252843610246e-01,  1.012589991176494e-01,  1.816368997144760e-01,  2.619634793873205e-01, -3.793632443359468e-02,  6.402169182095099e-02
  5.170000000000000e+00,  4.057045573134880e-01,  9.903908710690268e-02,  1.795858470600309e-01,  2.639966636687299e-01, -3.607447428817766e-02,  6.453970928382813e-02
  5.180000000000000e+00,  4.064961827526840e-01,  9.571186116666608e-02,  1.763109922128417e-01,  2.713524836047430e-01, -3.558911954333164e-02,  6.495429457026825e-02
  5.190000000000000e+00,  4.073306323546039e-01,  9.132987552827054e-02,  1.719784106454844e-01,  2.834812742350086e-01, -3.641004969959249e-02,  6.529760054816539e-02
  5.199999999999999e+00,  4.080227661507575e-01,  8.597434927583247e-02,  1.668061030612692e-01,  2.997602327079228e-01, -3.844642217630946e-02,  6.557170574921302e-02
  5.210000000000000e+00,  4.083796908935786e-01,  7.974550370906108e-02,  1.609982078716035e-01,  3.194808388705675e-01, -4.163947473098196e-02,  6.584103236649656e-02
  5.220000000000000e+00,  4.081647828936021e-01,  7.276578647959542e-02,  1.547923046786403e-01,  3.418470878875117e-01, -4.588173994744774e-02,  6.610855051422326e-02
  5.230000000000000e+00,  4.071189508859052e-01,  6.517519203207289e-02,  1.483949327616157e-01,  3.659936766866052e-01, -5.106878169805463e-02,  6.639615975654810e-02
  5.240000000000000e+00,  4.049706742360944e-01,  5.712849545466692e-02,  1.419774332619949e-01,  3.910213987770003e-01, -5.709183317446020e-02,  6.672035830778562e-02
  5.250000000000000e+00,  4.014593077439933e-01,  4.879117053482362e-02,  1.356668609231842e-01,  4.160448710305886e-01, -6.384406330087736e-02,  6.708837586306828e-02
  5.260000000000000e+00,  3.963607266166096e-01,  4.033432578345097e-02,  1.295431746989650e-01,  4.402421979095343e-01, -7.122592398203405e-02,  6.749651050027825e-02
  5.270000000000000e+00,  3.895085403616604e-01,  3.192877447378062e-02,  1.236419387165531e-01,  4.628964679579624e-01, -7.914752376688472e-02,  6.793132416989163e-02
  5.279999999999999e+00,  3.808065374349955e-01,  2.373854814587806e-02,  1.179612025650608e-01,  4.834226971768909e-01, -8.752756649015266e-02,  6.837298086281555e-02
  5.290000000000000e+00,  3.702314079826392e-01,  1.591451469309257e-02,  1.124708967963780e-01,  5.013788097884211e-01, -9.628995679713616e-02,  6.879929323680092e-02
  5.300000000000000e+00,  3.578266367439255e-01,  8.590239159016910e-03,  1.071232660537694e-01,  5.164628471488742e-01, -1.053578844262374e-01,  6.918796549090693e-02
  5.310000000000000e+00,  3.436948350138462e-01,  1.873215625917801e-03,  1.018612190482076e-01,  5.285023037976263e-01, -1.146594569913554e-01,  6.952348269170501e-02
  5.320000000000000e+00,  3.279797163618122e-01, -4.149449456170018e-03,  9.662751333255663e-02,  5.374354172980211e-01, -1.241137060438537e-01,  6.979026429538239e-02
  5.330000000000000e+00,  3.108553524236543e-01, -9.415832475749397e-03,  9.136925401666801e-02,  5.432936532555829e-01, -1.336409381889990e-01,  6.997740580683010e-02
  5.340000000000000e+00,  2.925122396035196e-01, -1.388639181269502e-02,  8.604168487940302e-02,  5.461827930260941e-01, -1.431630422248581e-01,  7.007630076260511e-02
  5.350000000000000e+00,  2.731458470700076e-01, -1.754122421721949e-02,  8.061020042280623e-02,  5.462657104950267e-01, -1.526068689539083e-01,  7.007946799744261e-02
  5.359999999999999e+00,  2.529473378003135e-01, -2.037655316206921e-02,  7.505142106820434e-02,  5.437470599431500e-01, -1.619075688721525e-01,  6.997951413019961e-02
  5.370000000000000e+00,  2.320967246025214e-01, -2.240083646582280e-02,  6.935382590339027e-02,  5.388600828390080e-01, -1.710113260225976e-01,  6.976839328725110e-02
  5.380000000000000e+00,  2.107588516430898e-01, -2.363162676612207e-02,  6.351773998414473e-02,  5.318556251866735e-01, -1.798775580590428e-01,  6.943759430862118e-02
  5.390000000000000e+00,  1.890800406933900e-01, -2.408933347494013e-02,  5.755772830744508e-02,  5.229929241436939e-01, -1.884781224434315e-01,  6.897595787129611e-02
  5.400000000000000e+00,  1.671901354655014e-01, -2.379938424648698e-02,  5.149969574772986e-02,  5.125329504877337e-01, -1.967996161448659e-01,  6.837358588329279e-02
  5.410000000000000e+00,  1.452025233991528e-01, -2.278791002232516e-02,  4.538249671009874e-02,  5.007328601970550e-01, -2.048407568244782e-01,  6.762038961341356e-02
  5.420000000000000e+00,  1.232166896228173e-01, -2.108274557672418e-02,  3.925612726964195e-02,  4.878421883204381e-01, -2.126113163601060e-01,  6.670794705556723e-02
  5.430000000000000e+00,  1.013204828036509e-01, -1.871475245927612e-02,  3.317932649270202e-02,  4.741000672091536e-01, -2.201301779595195e-01,  6.563102136671552e-02
  5.440000000000000e+00,  7.959182229952994e-02, -1.571988503194666e-02,  2.721603968127019e-02,  4.597331416273557e-01, -2.274230602394473e-01,  6.438919178864345e-02
  5.450000000000000e+00,  5.809937560458719e-02, -1.214144990819199e-02,  2.143093223102158e-02,  4.449537875914545e-01, -2.345199401478210e-01,  6.298840702971219e-02
  5.460000000000000e+00,  3.690194695780646e-02, -8.031986197163166e-03,  1.588435158389582e-02,  4.299582780138217e-01, -2.414521574237420e-01,  6.144225458316825e-02
  5.470000000000000e+00,  1.604641533245067e-02, -3.453832244222133e-03,  1.062789281780574e-02,  4.149246105265307e-01, -2.482488009214072e-01,  5.977223977913031e-02
  5.480000000000000e+00, -4.434776409650951e-03,  1.519121404559787e-03,  5.697457026721642e-03,  4.000098702062795e-01, -2.549345623508532e-01,  5.801002813131278e-02
  5.490000000000000e+00, -2.452843097576260e-02,  6.805304310148141e-03,  1.113278791730009e-03,  3.853469408100902e-01, -2.615235907255129e-01,  5.619388539901559e-02
  5.500000000000000e+00, -4.424413131132459e-02,  1.231574325970830e-02, -3.124604159645519e-03,  3.710409447590742e-01, -2.680168439391747e-01,  5.436962117256037e-02
  5.510000000000000e+00, -6.361833004251906e-02,  1.795690655905791e-02, -7.036682290018983e-03,  3.571654570113003e-01, -2.743976454153322e-01,  5.258852141434518e-02
  5.520000000000000e+00, -8.271728484420125e-02,  2.363288106796824e-02, -1.066373528833365e-02,  3.437590295492808e-01, -2.806279877055234e-01,  5.090557643932212e-02
  5.530000000000000e+00, -1.016382063686722e-01,  2.924671956136660e-02, -1.406582169761044e-02,  3.308225712851486e-01, -2.866456201826297e-01,  4.937779889209647e-02
  5.539999999999999e+00, -1.205077118730135e-01,  3.470056419167733e-02, -1.732091781047858e-02,  3.183182522106457e-01, -2.923623599923413e-01,  4.806293514610442e-02
  5.550000000000000e+00, -1.394766249253958e-01,  3.989463836390184e-02, -2.052351787396784e-02,  3.061706582844471e-01, -2.976640454036388e-01,  4.701879646967526e-02
  5.560000000000000e+00, -1.587102431800878e-01,  4.472607363244663e-02, -2.378317891268723e-02,  2.942709102300669e-01, -3.024124672020743e-01,  4.630325224502459e-02
  5.570000000000000e+00, -1.783730973194387e-01,  4.908960147831665e-02, -2.722333531488966e-02,  2.824844409275021e-01, -3.064498255657168e-01,  4.597520915651638e-02
  5.580000000000000e+00, -1.986110286030515e-01,  5.288482009685724e-02, -3.097354109930249e-02,  2.706621531795003e-01, -3.096036285834669e-01,  4.609245770306196e-02
  5.590000000000000e+00, -2.195268197748075e-01,  5.603241919071955e-02, -3.516605782629280e-02,  2.586559002607427e-01, -3.116967973919044e-01,  4.671335902496287e-02
  5.600000000000000e+00, -2.411597966184377e-01,  5.850302252100570e-02, -3.991772469610329e-02,  2.463356688997485e-01, -3.125562160487149e-01,  4.789089416367204e-02
  5.609999999999999e+00, -2.634655885399865e-01,  6.035248240101554e-02, -4.530684993475622e-02,  2.336148650671620e-01, -3.120265954424488e-01,  4.966187010987141e-02
  5.619999999999999e+00, -2.700290541860703e-01,  6.168658144537886e-02, -4.321623268707506e-02,  2.485903051338979e-01, -3.200486037995549e-01,  3.976992426049994e-02
  5.630000000000000e+00, -2.372660766718154e-01,  6.794696054827254e-02, -3.022664974638493e-02,  3.300699166872060e-01, -3.534840787098760e-01,  1.405071577917211e-02
